0,00000E+0	-3,23478E-1	0,00000E+0	-6,67886E+1	-6,68508E+1
1,00000E-4	-4,41261E-1	1,00000E+4	-1,06187E+2	-6,95687E+1
2,00000E-4	-4,96201E-1	2,00000E+4	-9,14911E+1	-9,57491E+1
3,00000E-4	-4,81542E-1	3,00000E+4	-9,58366E+1	-9,43006E+1
4,00000E-4	-3,98686E-1	4,00000E+4	-8,76019E+1	-9,07458E+1
5,00000E-4	-2,59998E-1	5,00000E+4	-9,58208E+1	-9,64444E+1
6,00000E-4	-8,57452E-2	6,00000E+4	-9,33847E+1	-1,01757E+2
7,00000E-4	1,02657E-1	7,00000E+4	-9,20603E+1	-9,52843E+1
8,00000E-4	2,74105E-1	8,00000E+4	-9,18561E+1	-9,34150E+1
9,00000E-4	4,08841E-1	9,00000E+4	-9,50210E+1	-1,10753E+2
1,00000E-3	4,86089E-1	1,00000E+5	-9,63743E+1	-9,92466E+1
1,10000E-3	4,94629E-1	1,10000E+5	-9,96579E+1	-1,13842E+2
1,20000E-3	4,34080E-1	1,20000E+5	-1,00409E+2	-1,02072E+2
1,30000E-3	3,12473E-1	1,30000E+5	-9,23146E+1	-9,56258E+1
1,40000E-3	1,47909E-1	1,40000E+5	-1,00866E+2	-9,56931E+1
1,50000E-3	-3,79436E-2	1,50000E+5	-9,09854E+1	-9,42547E+1
1,60000E-3	-2,19207E-1	1,60000E+5	-9,95226E+1	-9,01555E+1
1,70000E-3	-3,69750E-1	1,70000E+5	-8,64580E+1	-9,03621E+1
1,80000E-3	-4,66628E-1	1,80000E+5	-8,90838E+1	-9,50927E+1
1,90000E-3	-4,98368E-1	1,90000E+5	-9,26501E+1	-1,01845E+2
2,00000E-3	-4,61019E-1	2,00000E+5	-9,26229E+1	-1,10131E+2
2,10000E-3	-3,58533E-1	2,10000E+5	-9,25618E+1	-9,77279E+1
2,20000E-3	-2,04930E-1	2,20000E+5	-8,64363E+1	-9,77285E+1
2,30000E-3	-2,26471E-2	2,30000E+5	-8,65233E+1	-9,47272E+1
2,40000E-3	1,61676E-1	2,40000E+5	-9,80306E+1	-9,20130E+1
2,50000E-3	3,23308E-1	2,50000E+5	-9,09585E+1	-9,27000E+1
2,60000E-3	4,41474E-1	2,60000E+5	-9,21833E+1	-8,90382E+1
2,70000E-3	4,96541E-1	2,70000E+5	-8,82636E+1	-9,11879E+1
2,80000E-3	4,81755E-1	2,80000E+5	-9,50730E+1	-9,76687E+1
2,90000E-3	3,99536E-1	2,90000E+5	-9,33904E+1	-1,06589E+2
3,00000E-3	2,62505E-1	3,00000E+5	-9,26642E+1	-9,90568E+1
3,10000E-3	8,67227E-2	3,10000E+5	-9,10571E+1	-1,03197E+2
3,20000E-3	-1,00277E-1	3,20000E+5	-9,15374E+1	-1,08982E+2
3,30000E-3	-2,74402E-1	3,30000E+5	-9,31369E+1	-9,88412E+1
3,40000E-3	-4,07481E-1	3,40000E+5	-8,77359E+1	-1,04290E+2
3,50000E-3	-4,85238E-1	3,50000E+5	-8,58169E+1	-9,20064E+1
3,60000E-3	-4,94416E-1	3,60000E+5	-8,68145E+1	-9,02770E+1
3,70000E-3	-4,34123E-1	3,70000E+5	-8,52502E+1	-9,52277E+1
3,80000E-3	-3,11878E-1	3,80000E+5	-8,79777E+1	-1,00699E+2
3,90000E-3	-1,46676E-1	3,90000E+5	-8,73895E+1	-1,00453E+2
4,00000E-3	3,80289E-2	4,00000E+5	-8,92837E+1	-9,26583E+1
4,10000E-3	2,18910E-1	4,10000E+5	-8,36318E+1	-8,93199E+1
4,20000E-3	3,69963E-1	4,20000E+5	-8,81752E+1	-9,01764E+1
4,30000E-3	4,68115E-1	4,30000E+5	-8,53647E+1	-9,64841E+1
4,40000E-3	5,00110E-1	4,40000E+5	-8,54503E+1	-1,03165E+2
4,50000E-3	4,61869E-1	4,50000E+5	-8,35149E+1	-9,65209E+1
4,60000E-3	3,59893E-1	4,60000E+5	-8,28775E+1	-9,33679E+1
4,70000E-3	2,06800E-1	4,70000E+5	-8,05575E+1	-9,14341E+1
4,80000E-3	2,43896E-2	4,80000E+5	-8,37470E+1	-9,27974E+1
4,90000E-3	-1,61208E-1	4,90000E+5	-8,17866E+1	-9,89429E+1
5,00000E-3	-3,23096E-1	5,00000E+5	-8,00667E+1	-9,24905E+1
5,10000E-3	-4,40751E-1	5,10000E+5	-8,00430E+1	-9,16198E+1
5,20000E-3	-4,96073E-1	5,20000E+5	-7,74766E+1	-9,37793E+1
5,30000E-3	-4,80904E-1	5,30000E+5	-7,78664E+1	-9,56019E+1
5,40000E-3	-3,99068E-1	5,40000E+5	-7,62797E+1	-9,95095E+1
5,50000E-3	-2,60253E-1	5,50000E+5	-7,41802E+1	-9,76643E+1
5,60000E-3	-8,62550E-2	5,60000E+5	-7,21041E+1	-9,16554E+1
5,70000E-3	1,01637E-1	5,70000E+5	-6,98534E+1	-8,64994E+1
5,80000E-3	2,74360E-1	5,80000E+5	-6,65212E+1	-7,52110E+1
5,90000E-3	4,07567E-1	5,90000E+5	-6,02797E+1	-1,50278E+1
6,00000E-3	4,85324E-1	6,00000E+5	-9,04321E+0	-9,04325E+0
6,10000E-3	4,94629E-1	6,10000E+5	-6,02450E+1	-1,50997E+1
6,20000E-3	4,35100E-1	6,20000E+5	-6,62151E+1	-7,61792E+1
6,30000E-3	3,13493E-1	6,30000E+5	-7,00013E+1	-8,36787E+1
6,40000E-3	1,47909E-1	6,40000E+5	-7,12975E+1	-9,27742E+1
6,50000E-3	-3,76887E-2	6,50000E+5	-7,40548E+1	-8,93421E+1
6,60000E-3	-2,18697E-1	6,60000E+5	-7,45305E+1	-9,32492E+1
6,70000E-3	-3,68858E-1	6,70000E+5	-7,73973E+1	-9,87085E+1
6,80000E-3	-4,66628E-1	6,80000E+5	-8,01953E+1	-8,82323E+1
6,90000E-3	-4,98240E-1	6,90000E+5	-7,73791E+1	-8,70995E+1
7,00000E-3	-4,61401E-1	7,00000E+5	-8,14542E+1	-9,10469E+1
7,10000E-3	-3,58787E-1	7,10000E+5	-8,09405E+1	-9,67016E+1
7,20000E-3	-2,06332E-1	7,20000E+5	-8,22316E+1	-9,37990E+1
7,30000E-3	-2,46867E-2	7,30000E+5	-8,01842E+1	-9,11677E+1
7,40000E-3	1,62313E-1	7,40000E+5	-8,32160E+1	-9,28032E+1
7,50000E-3	3,22671E-1	7,50000E+5	-8,47552E+1	-9,20682E+1
7,60000E-3	4,41984E-1	7,60000E+5	-8,14553E+1	-9,07316E+1
7,70000E-3	4,96414E-1	7,70000E+5	-8,46891E+1	-9,90211E+1
7,80000E-3	4,82392E-1	7,80000E+5	-8,51751E+1	-1,00475E+2
7,90000E-3	3,99918E-1	7,90000E+5	-8,31000E+1	-1,01637E+2
8,00000E-3	2,61740E-1	8,00000E+5	-8,29331E+1	-1,02933E+2
8,10000E-3	8,74876E-2	8,10000E+5	-8,37159E+1	-1,00179E+2
8,20000E-3	-1,00914E-1	8,20000E+5	-8,36983E+1	-9,90368E+1
8,30000E-3	-2,72745E-1	8,30000E+5	-8,40929E+1	-1,03272E+2
8,40000E-3	-4,07226E-1	8,40000E+5	-8,63776E+1	-1,07017E+2
8,50000E-3	-4,84601E-1	8,50000E+5	-8,66261E+1	-9,43978E+1
8,60000E-3	-4,94161E-1	8,60000E+5	-8,55545E+1	-1,07338E+2
8,70000E-3	-4,33485E-1	8,70000E+5	-8,40382E+1	-9,10172E+1
8,80000E-3	-3,11751E-1	8,80000E+5	-8,94579E+1	-9,70267E+1
8,90000E-3	-1,48078E-1	8,90000E+5	-9,06597E+1	-9,53368E+1
9,00000E-3	3,82839E-2	9,00000E+5	-8,48018E+1	-8,98772E+1
9,10000E-3	2,18145E-1	9,10000E+5	-8,91865E+1	-8,96423E+1
9,20000E-3	3,69580E-1	9,20000E+5	-8,45601E+1	-9,11767E+1
9,30000E-3	4,66331E-1	9,30000E+5	-8,89449E+1	-9,41715E+1
9,40000E-3	4,99091E-1	9,40000E+5	-8,82072E+1	-9,96641E+1
9,50000E-3	4,62506E-1	9,50000E+5	-8,95368E+1	-9,85224E+1
9,60000E-3	3,60020E-1	9,60000E+5	-9,38799E+1	-9,14216E+1
9,70000E-3	2,06800E-1	9,70000E+5	-8,65100E+1	-9,27064E+1
9,80000E-3	2,41346E-2	9,80000E+5	-8,87673E+1	-9,71752E+1
9,90000E-3	-1,60061E-1	9,90000E+5	-8,78594E+1	-1,07232E+2
1,00000E-2	-3,23096E-1	1,00000E+6	-8,49994E+1	-9,30414E+1
1,01000E-2	-4,41134E-1	1,01000E+6	-8,87337E+1	-8,97654E+1
1,02000E-2	-4,95691E-1	1,02000E+6	-8,76539E+1	-8,97362E+1
1,03000E-2	-4,81032E-1	1,03000E+6	-9,61126E+1	-9,00641E+1
1,04000E-2	-3,99960E-1	1,04000E+6	-8,84634E+1	-8,92762E+1
1,05000E-2	-2,61655E-1	1,05000E+6	-1,01967E+2	-9,17086E+1
1,06000E-2	-8,62550E-2	1,06000E+6	-9,35596E+1	-1,03390E+2
1,07000E-2	1,01254E-1	1,07000E+6	-9,12664E+1	-1,02149E+2
1,08000E-2	2,73977E-1	1,08000E+6	-8,65415E+1	-9,69438E+1
1,09000E-2	4,07694E-1	1,09000E+6	-8,82742E+1	-1,01417E+2
1,10000E-2	4,85706E-1	1,10000E+6	-9,74651E+1	-9,41981E+1
1,11000E-2	4,94884E-1	1,11000E+6	-9,17784E+1	-1,00353E+2
1,12000E-2	4,34080E-1	1,12000E+6	-9,20805E+1	-1,03853E+2
1,13000E-2	3,14131E-1	1,13000E+6	-8,83709E+1	-9,96593E+1
1,14000E-2	1,47271E-1	1,14000E+6	-8,90199E+1	-9,52563E+1
1,15000E-2	-3,66689E-2	1,15000E+6	-1,06514E+2	-9,14850E+1
1,16000E-2	-2,18187E-1	1,16000E+6	-9,17966E+1	-9,17430E+1
1,17000E-2	-3,67838E-1	1,17000E+6	-9,45104E+1	-9,04974E+1
1,18000E-2	-4,65608E-1	1,18000E+6	-8,88810E+1	-9,07968E+1
1,19000E-2	-4,98495E-1	1,19000E+6	-9,09681E+1	-9,94010E+1
1,20000E-2	-4,61019E-1	1,20000E+6	-8,61980E+1	-9,50809E+1
1,21000E-2	-3,59552E-1	1,21000E+6	-8,88813E+1	-9,52875E+1
1,22000E-2	-2,05950E-1	1,22000E+6	-9,16372E+1	-9,11584E+1
1,23000E-2	-2,45592E-2	1,23000E+6	-8,93924E+1	-9,24037E+1
1,24000E-2	1,60656E-1	1,24000E+6	-9,05385E+1	-9,42261E+1
1,25000E-2	3,23308E-1	1,25000E+6	-9,39037E+1	-9,30485E+1
1,26000E-2	4,41729E-1	1,26000E+6	-8,88918E+1	-9,33225E+1
1,27000E-2	4,96669E-1	1,27000E+6	-9,01178E+1	-1,00275E+2
1,28000E-2	4,81882E-1	1,28000E+6	-9,02405E+1	-1,00003E+2
1,29000E-2	4,00428E-1	1,29000E+6	-9,19429E+1	-9,66993E+1
1,30000E-2	2,63270E-1	1,30000E+6	-9,24016E+1	-9,93061E+1
1,31000E-2	8,74876E-2	1,31000E+6	-9,46284E+1	-1,00209E+2
1,32000E-2	-1,00532E-1	1,32000E+6	-8,90814E+1	-9,53645E+1
1,33000E-2	-2,72362E-1	1,33000E+6	-9,26227E+1	-1,00056E+2
1,34000E-2	-4,06844E-1	1,34000E+6	-9,62954E+1	-9,74172E+1
1,35000E-2	-4,84474E-1	1,35000E+6	-9,02114E+1	-9,35987E+1
1,36000E-2	-4,94161E-1	1,36000E+6	-9,37936E+1	-1,08455E+2
1,37000E-2	-4,33613E-1	1,37000E+6	-9,67744E+1	-9,95803E+1
1,38000E-2	-3,12388E-1	1,38000E+6	-1,00526E+2	-1,05240E+2
1,39000E-2	-1,48078E-1	1,39000E+6	-9,09542E+1	-9,18379E+1
1,40000E-2	3,85388E-2	1,40000E+6	-9,64611E+1	-9,22845E+1
1,41000E-2	2,19037E-1	1,41000E+6	-8,79726E+1	-8,97641E+1
1,42000E-2	3,69070E-1	1,42000E+6	-1,00851E+2	-9,12040E+1
1,43000E-2	4,66203E-1	1,43000E+6	-9,64652E+1	-9,80892E+1
1,44000E-2	4,99728E-1	1,44000E+6	-9,91867E+1	-9,72060E+1
1,45000E-2	4,62761E-1	1,45000E+6	-9,62207E+1	-9,54811E+1
1,46000E-2	3,60657E-1	1,46000E+6	-9,92642E+1	-9,26763E+1
1,47000E-2	2,06545E-1	1,47000E+6	-9,36468E+1	-9,20812E+1
1,48000E-2	2,61741E-2	1,48000E+6	-9,14494E+1	-9,54315E+1
1,49000E-2	-1,59423E-1	1,49000E+6	-9,30460E+1	-9,59209E+1
1,50000E-2	-3,22586E-1	1,50000E+6	-9,75901E+1	-8,93152E+1
1,51000E-2	-4,40496E-1	1,51000E+6	-9,40775E+1	-9,31197E+1
1,52000E-2	-4,95946E-1	1,52000E+6	-1,00177E+2	-9,36725E+1
1,53000E-2	-4,81414E-1	1,53000E+6	-8,89567E+1	-9,15827E+1
1,54000E-2	-3,98813E-1	1,54000E+6	-8,85546E+1	-9,37190E+1
1,55000E-2	-2,62675E-1	1,55000E+6	-9,02801E+1	-9,77931E+1
1,56000E-2	-8,68924E-2	1,56000E+6	-8,89327E+1	-9,34179E+1
1,57000E-2	9,95973E-2	1,57000E+6	-9,54140E+1	-9,46683E+1
1,58000E-2	2,72830E-1	1,58000E+6	-9,01760E+1	-8,99270E+1
1,59000E-2	4,07567E-1	1,59000E+6	-9,81068E+1	-8,94517E+1
1,60000E-2	4,85834E-1	1,60000E+6	-9,22205E+1	-9,02761E+1
1,61000E-2	4,95011E-1	1,61000E+6	-9,66671E+1	-9,06613E+1
1,62000E-2	4,34463E-1	1,62000E+6	-9,18850E+1	-8,88512E+1
1,63000E-2	3,14258E-1	1,63000E+6	-9,91809E+1	-9,14587E+1
1,64000E-2	1,49438E-1	1,64000E+6	-9,84978E+1	-9,59775E+1
1,65000E-2	-3,73063E-2	1,65000E+6	-1,03201E+2	-9,59528E+1
1,66000E-2	-2,17805E-1	1,66000E+6	-9,41641E+1	-9,33430E+1
1,67000E-2	-3,67328E-1	1,67000E+6	-9,07964E+1	-9,18153E+1
1,68000E-2	-4,65353E-1	1,68000E+6	-1,05889E+2	-9,29712E+1
1,69000E-2	-4,98750E-1	1,69000E+6	-9,45507E+1	-9,66803E+1
1,70000E-2	-4,61529E-1	1,70000E+6	-1,01968E+2	-9,87204E+1
1,71000E-2	-3,59935E-1	1,71000E+6	-9,37669E+1	-9,70664E+1
1,72000E-2	-2,06078E-1	1,72000E+6	-1,05719E+2	-1,04598E+2
1,73000E-2	-2,44317E-2	1,73000E+6	-1,00210E+2	-9,23605E+1
1,74000E-2	1,60528E-1	1,74000E+6	-9,02954E+1	-9,13853E+1
1,75000E-2	3,23436E-1	1,75000E+6	-9,69508E+1	-1,02736E+2
1,76000E-2	4,41474E-1	1,76000E+6	-9,84826E+1	-9,25008E+1
1,77000E-2	4,97051E-1	1,77000E+6	-8,92588E+1	-8,98710E+1
1,78000E-2	4,81627E-1	1,78000E+6	-1,02691E+2	-8,89354E+1
1,79000E-2	4,01703E-1	1,79000E+6	-8,74571E+1	-8,64699E+1
1,80000E-2	2,63525E-1	1,80000E+6	-8,92346E+1	-8,60793E+1
1,81000E-2	8,85073E-2	1,81000E+6	-9,40758E+1	-9,08563E+1
1,82000E-2	-1,00022E-1	1,82000E+6	-9,66808E+1	-1,00515E+2
1,83000E-2	-2,71470E-1	1,83000E+6	-1,00699E+2	-9,21724E+1
1,84000E-2	-4,07226E-1	1,84000E+6	-9,43586E+1	-9,35212E+1
1,85000E-2	-4,84601E-1	1,85000E+6	-9,16600E+1	-9,45466E+1
1,86000E-2	-4,94544E-1	1,86000E+6	-9,57895E+1	-1,12310E+2
1,87000E-2	-4,33868E-1	1,87000E+6	-1,04840E+2	-9,52707E+1
1,88000E-2	-3,12643E-1	1,88000E+6	-9,31092E+1	-9,35128E+1
1,89000E-2	-1,48843E-1	1,89000E+6	-9,71144E+1	-9,07217E+1
1,90000E-2	3,76465E-2	1,90000E+6	-9,06109E+1	-8,89068E+1
1,91000E-2	2,18527E-1	1,91000E+6	-9,86148E+1	-9,19864E+1
1,92000E-2	3,68943E-1	1,92000E+6	-9,30681E+1	-9,52507E+1
1,93000E-2	4,66840E-1	1,93000E+6	-9,30516E+1	-9,23209E+1
1,94000E-2	4,98963E-1	1,94000E+6	-9,29651E+1	-9,29337E+1
1,95000E-2	4,62889E-1	1,95000E+6	-1,02572E+2	-1,04378E+2
1,96000E-2	3,60785E-1	1,96000E+6	-9,28473E+1	-9,15379E+1
1,97000E-2	2,07183E-1	1,97000E+6	-1,00256E+2	-1,05056E+2
1,98000E-2	2,59192E-2	1,98000E+6	-9,20520E+1	-9,33687E+1
1,99000E-2	-1,58913E-1	1,99000E+6	-9,32127E+1	-9,62075E+1
2,00000E-2	-3,22203E-1	2,00000E+6	-9,21779E+1	-9,53022E+1
2,01000E-2	-4,40241E-1	2,01000E+6	-9,06867E+1	-8,83356E+1
2,02000E-2	-4,95691E-1	2,02000E+6	-9,55536E+1	-8,92792E+1
2,03000E-2	-4,81797E-1	2,03000E+6	-9,03096E+1	-9,35815E+1
2,04000E-2	-4,00598E-1	2,04000E+6	-9,41996E+1	-1,00730E+2
2,05000E-2	-2,62547E-1	2,05000E+6	-9,56721E+1	-1,07537E+2
2,06000E-2	-8,68924E-2	2,06000E+6	-9,73673E+1	-9,80250E+1
2,07000E-2	9,97248E-2	2,07000E+6	-9,32282E+1	-9,99966E+1
2,08000E-2	2,71810E-1	2,08000E+6	-9,29235E+1	-9,38830E+1
2,09000E-2	4,07567E-1	2,09000E+6	-9,50064E+1	-9,64913E+1
2,10000E-2	4,85834E-1	2,10000E+6	-1,02921E+2	-9,44079E+1
2,11000E-2	4,95266E-1	2,11000E+6	-8,86200E+1	-9,29350E+1
2,12000E-2	4,34208E-1	2,12000E+6	-9,28866E+1	-9,62924E+1
2,13000E-2	3,13621E-1	2,13000E+6	-9,31020E+1	-8,81990E+1
2,14000E-2	1,50076E-1	2,14000E+6	-9,37250E+1	-8,74704E+1
2,15000E-2	-3,69239E-2	2,15000E+6	-9,02330E+1	-8,71193E+1
2,16000E-2	-2,17805E-1	2,16000E+6	-9,97218E+1	-9,12149E+1
2,17000E-2	-3,67838E-1	2,17000E+6	-9,40712E+1	-9,09674E+1
2,18000E-2	-4,65480E-1	2,18000E+6	-9,52079E+1	-9,70271E+1
2,19000E-2	-4,98368E-1	2,19000E+6	-9,42449E+1	-9,18792E+1
2,20000E-2	-4,62039E-1	2,20000E+6	-8,94454E+1	-8,88486E+1
2,21000E-2	-3,60062E-1	2,21000E+6	-9,50917E+1	-8,78503E+1
2,22000E-2	-2,06332E-1	2,22000E+6	-9,34386E+1	-9,42959E+1
2,23000E-2	-2,58339E-2	2,23000E+6	-9,48694E+1	-9,77370E+1
2,24000E-2	1,59763E-1	2,24000E+6	-9,35354E+1	-9,54249E+1
2,25000E-2	3,23181E-1	2,25000E+6	-1,14638E+2	-9,31859E+1
2,26000E-2	4,41346E-1	2,26000E+6	-9,35277E+1	-9,58751E+1
2,27000E-2	4,96669E-1	2,27000E+6	-9,78321E+1	-1,12514E+2
2,28000E-2	4,82519E-1	2,28000E+6	-9,73970E+1	-9,54871E+1
2,29000E-2	4,00556E-1	2,29000E+6	-9,10087E+1	-9,27289E+1
2,30000E-2	2,63525E-1	2,30000E+6	-9,73896E+1	-9,91153E+1
2,31000E-2	8,85073E-2	2,31000E+6	-9,02373E+1	-9,36796E+1
2,32000E-2	-9,86197E-2	2,32000E+6	-1,03019E+2	-9,74608E+1
2,33000E-2	-2,72235E-1	2,33000E+6	-9,55562E+1	-8,86474E+1
2,34000E-2	-4,06462E-1	2,34000E+6	-8,77986E+1	-8,57543E+1
2,35000E-2	-4,84474E-1	2,35000E+6	-1,03529E+2	-9,13183E+1
2,36000E-2	-4,93779E-1	2,36000E+6	-8,97289E+1	-9,20887E+1
2,37000E-2	-4,33995E-1	2,37000E+6	-9,49127E+1	-1,00098E+2
2,38000E-2	-3,13280E-1	2,38000E+6	-9,23437E+1	-9,33763E+1
2,39000E-2	-1,48078E-1	2,39000E+6	-9,52663E+1	-9,67895E+1
2,40000E-2	3,70092E-2	2,40000E+6	-9,00041E+1	-8,96930E+1
2,41000E-2	2,18145E-1	2,41000E+6	-9,02516E+1	-9,17929E+1
2,42000E-2	3,67923E-1	2,42000E+6	-1,19408E+2	-9,38817E+1
2,43000E-2	4,66586E-1	2,43000E+6	-9,96624E+1	-9,89657E+1
2,44000E-2	4,99473E-1	2,44000E+6	-9,05928E+1	-9,92721E+1
2,45000E-2	4,62761E-1	2,45000E+6	-8,98404E+1	-1,00340E+2
2,46000E-2	3,60912E-1	2,46000E+6	-9,55239E+1	-1,00521E+2
2,47000E-2	2,07947E-1	2,47000E+6	-9,52866E+1	-1,01001E+2
2,48000E-2	2,64291E-2	2,48000E+6	-9,07499E+1	-9,61496E+1
2,49000E-2	-1,59168E-1	2,49000E+6	-9,36577E+1	-8,96932E+1
2,50000E-2	-3,22586E-1	2,50000E+6	-8,53342E+1	-8,89825E+1
2,51000E-2	-4,39986E-1	2,51000E+6	-8,70106E+1	-8,78726E+1
2,52000E-2	-4,95691E-1	2,52000E+6	-8,94488E+1	-8,79666E+1
2,53000E-2	-4,81287E-1	2,53000E+6	-9,39700E+1	-1,12824E+2
2,54000E-2	-4,00215E-1	2,54000E+6	-9,46631E+1	-1,11793E+2
2,55000E-2	-2,63057E-1	2,55000E+6	-9,03319E+1	-9,05736E+1
2,56000E-2	-8,75297E-2	2,56000E+6	-9,92400E+1	-8,90644E+1
2,57000E-2	9,94698E-2	2,57000E+6	-9,16354E+1	-8,99850E+1
2,58000E-2	2,72830E-1	2,58000E+6	-8,75492E+1	-9,13655E+1
2,59000E-2	4,07567E-1	2,59000E+6	-8,38966E+1	-8,52580E+1
2,60000E-2	4,86089E-1	2,60000E+6	-1,05351E+2	-7,95564E+1
2,61000E-2	4,94757E-1	2,61000E+6	-7,23522E+1	-7,22118E+1
2,62000E-2	4,34463E-1	2,62000E+6	-9,08477E+1	-7,74027E+1
2,63000E-2	3,15278E-1	2,63000E+6	-9,41570E+1	-9,56808E+1
2,64000E-2	1,49056E-1	2,64000E+6	-1,01525E+2	-9,16704E+1
2,65000E-2	-3,61590E-2	2,65000E+6	-8,99781E+1	-8,95417E+1
2,66000E-2	-2,17550E-1	2,66000E+6	-1,00397E+2	-9,57728E+1
2,67000E-2	-3,67583E-1	2,67000E+6	-1,03193E+2	-9,91749E+1
2,68000E-2	-4,64843E-1	2,68000E+6	-9,50800E+1	-9,29362E+1
2,69000E-2	-4,98750E-1	2,69000E+6	-9,57361E+1	-9,96932E+1
2,70000E-2	-4,62039E-1	2,70000E+6	-9,54383E+1	-1,00932E+2
2,71000E-2	-3,60317E-1	2,71000E+6	-8,96952E+1	-9,14036E+1
2,72000E-2	-2,07352E-1	2,72000E+6	-9,95619E+1	-9,15948E+1
2,73000E-2	-2,50691E-2	2,73000E+6	-1,03157E+2	-1,00292E+2
2,74000E-2	1,59763E-1	2,74000E+6	-9,18955E+1	-8,85480E+1
2,75000E-2	3,22034E-1	2,75000E+6	-8,79204E+1	-8,59446E+1
2,76000E-2	4,41091E-1	2,76000E+6	-9,36148E+1	-9,26923E+1
2,77000E-2	4,95776E-1	2,77000E+6	-9,50179E+1	-9,50670E+1
2,78000E-2	4,82137E-1	2,78000E+6	-1,06066E+2	-9,59438E+1
2,79000E-2	4,02085E-1	2,79000E+6	-9,45966E+1	-9,89596E+1
2,80000E-2	2,64035E-1	2,80000E+6	-8,63748E+1	-8,81394E+1
2,81000E-2	8,87623E-2	2,81000E+6	-1,30765E+2	-9,17158E+1
2,82000E-2	-9,87472E-2	2,82000E+6	-1,06837E+2	-1,05878E+2
2,83000E-2	-2,70323E-1	2,83000E+6	-1,01776E+2	-9,49934E+1
2,84000E-2	-4,06589E-1	2,84000E+6	-9,21356E+1	-9,00887E+1
2,85000E-2	-4,84729E-1	2,85000E+6	-1,03334E+2	-9,29126E+1
2,86000E-2	-4,93779E-1	2,86000E+6	-9,62682E+1	-9,18515E+1
2,87000E-2	-4,34378E-1	2,87000E+6	-9,33347E+1	-9,28994E+1
2,88000E-2	-3,13535E-1	2,88000E+6	-8,67005E+1	-8,61566E+1
2,89000E-2	-1,49735E-1	2,89000E+6	-9,28100E+1	-8,42276E+1
2,90000E-2	3,63718E-2	2,90000E+6	-8,94029E+1	-8,84652E+1
2,91000E-2	2,18145E-1	2,91000E+6	-9,56824E+1	-9,44929E+1
2,92000E-2	3,67796E-1	2,92000E+6	-9,75094E+1	-9,29191E+1
2,93000E-2	4,66076E-1	2,93000E+6	-9,83507E+1	-9,43558E+1
2,94000E-2	5,00110E-1	2,94000E+6	-9,26797E+1	-9,07363E+1
2,95000E-2	4,63016E-1	2,95000E+6	-9,85390E+1	-9,20160E+1
2,96000E-2	3,60912E-1	2,96000E+6	-9,36010E+1	-8,93842E+1
2,97000E-2	2,07947E-1	2,97000E+6	-9,47102E+1	-8,88610E+1
2,98000E-2	2,78313E-2	2,98000E+6	-9,53587E+1	-9,27955E+1
2,99000E-2	-1,58786E-1	2,99000E+6	-9,46045E+1	-1,05037E+2
3,00000E-2	-3,22203E-1	3,00000E+6	-9,38382E+1	-1,01798E+2
3,01000E-2	-4,39986E-1	3,01000E+6	-1,01967E+2	-1,02206E+2
3,02000E-2	-4,95054E-1	3,02000E+6	-9,71247E+1	-9,82935E+1
3,03000E-2	-4,81414E-1	3,03000E+6	-9,48023E+1	-9,59291E+1
3,04000E-2	-4,00853E-1	3,04000E+6	-1,00100E+2	-9,50259E+1
3,05000E-2	-2,63439E-1	3,05000E+6	-9,40202E+1	-1,01913E+2
3,06000E-2	-8,79122E-2	3,06000E+6	-9,38934E+1	-1,01325E+2
3,07000E-2	9,83226E-2	3,07000E+6	-1,02415E+2	-9,87577E+1
3,08000E-2	2,71683E-1	3,08000E+6	-9,51645E+1	-1,01984E+2
3,09000E-2	4,07567E-1	3,09000E+6	-9,61687E+1	-1,06026E+2
3,10000E-2	4,85706E-1	3,10000E+6	-9,36108E+1	-9,19361E+1
3,11000E-2	4,95139E-1	3,11000E+6	-9,15580E+1	-8,86688E+1
3,12000E-2	4,34845E-1	3,12000E+6	-9,92960E+1	-9,80470E+1
3,13000E-2	3,15405E-1	3,13000E+6	-9,73585E+1	-1,03715E+2
3,14000E-2	1,50841E-1	3,14000E+6	-9,41676E+1	-9,89572E+1
3,15000E-2	-3,62865E-2	3,15000E+6	-9,86876E+1	-9,71487E+1
3,16000E-2	-2,17295E-1	3,16000E+6	-9,20674E+1	-9,41972E+1
3,17000E-2	-3,66563E-1	3,17000E+6	-1,04581E+2	-9,84823E+1
3,18000E-2	-4,64843E-1	3,18000E+6	-1,02557E+2	-1,11266E+2
3,19000E-2	-4,99133E-1	3,19000E+6	-1,06344E+2	-1,03759E+2
3,20000E-2	-4,62421E-1	3,20000E+6	-9,56930E+1	-9,40870E+1
3,21000E-2	-3,60445E-1	3,21000E+6	-9,85381E+1	-9,77870E+1
3,22000E-2	-2,06715E-1	3,22000E+6	-9,64568E+1	-1,00965E+2
3,23000E-2	-2,65987E-2	3,23000E+6	-9,46596E+1	-9,37562E+1
3,24000E-2	1,59509E-1	3,24000E+6	-9,75869E+1	-8,90902E+1
3,25000E-2	3,22799E-1	3,25000E+6	-9,08840E+1	-8,74393E+1
3,26000E-2	4,40327E-1	3,26000E+6	-9,57731E+1	-8,99396E+1
3,27000E-2	4,96031E-1	3,27000E+6	-9,44210E+1	-9,57188E+1
3,28000E-2	4,82137E-1	3,28000E+6	-9,75417E+1	-9,74167E+1
3,29000E-2	4,02213E-1	3,29000E+6	-9,35894E+1	-9,47721E+1
3,30000E-2	2,64035E-1	3,30000E+6	-9,48946E+1	-1,02163E+2
3,31000E-2	8,90172E-2	3,31000E+6	-9,64385E+1	-9,85202E+1
3,32000E-2	-9,86197E-2	3,32000E+6	-1,01699E+2	-9,37463E+1
3,33000E-2	-2,70833E-1	3,33000E+6	-9,14409E+1	-9,35003E+1
3,34000E-2	-4,06589E-1	3,34000E+6	-9,17785E+1	-9,22396E+1
3,35000E-2	-4,84983E-1	3,35000E+6	-9,43854E+1	-9,42863E+1
3,36000E-2	-4,95181E-1	3,36000E+6	-9,83682E+1	-9,56653E+1
3,37000E-2	-4,34633E-1	3,37000E+6	-1,03200E+2	-9,62719E+1
3,38000E-2	-3,13535E-1	3,38000E+6	-1,00350E+2	-9,82681E+1
3,39000E-2	-1,49863E-1	3,39000E+6	-1,01642E+2	-1,00382E+2
3,40000E-2	3,61169E-2	3,40000E+6	-9,45214E+1	-1,01536E+2
3,41000E-2	2,17125E-1	3,41000E+6	-9,65977E+1	-9,63955E+1
3,42000E-2	3,67923E-1	3,42000E+6	-9,35620E+1	-9,24500E+1
3,43000E-2	4,65821E-1	3,43000E+6	-1,01669E+2	-9,08354E+1
3,44000E-2	5,00493E-1	3,44000E+6	-8,89500E+1	-8,75993E+1
3,45000E-2	4,63271E-1	3,45000E+6	-1,03577E+2	-9,51193E+1
3,46000E-2	3,61295E-1	3,46000E+6	-9,72252E+1	-9,39445E+1
3,47000E-2	2,08330E-1	3,47000E+6	-9,58953E+1	-9,54087E+1
3,48000E-2	2,78313E-2	3,48000E+6	-9,83589E+1	-1,04830E+2
3,49000E-2	-1,58403E-1	3,49000E+6	-9,64140E+1	-9,44408E+1
3,50000E-2	-3,21311E-1	3,50000E+6	-9,39059E+1	-8,98786E+1
3,51000E-2	-4,40496E-1	3,51000E+6	-9,49435E+1	-9,33220E+1
3,52000E-2	-4,95181E-1	3,52000E+6	-9,61980E+1	-9,41389E+1
3,53000E-2	-4,80904E-1	3,53000E+6	-9,42270E+1	-9,28854E+1
3,54000E-2	-4,01618E-1	3,54000E+6	-1,00325E+2	-9,69234E+1
3,55000E-2	-2,63184E-1	3,55000E+6	-9,31358E+1	-9,53070E+1
3,56000E-2	-8,79122E-2	3,56000E+6	-9,74414E+1	-9,81965E+1
3,57000E-2	9,84500E-2	3,57000E+6	-1,01295E+2	-9,82795E+1
3,58000E-2	2,71173E-1	3,58000E+6	-1,02674E+2	-1,01544E+2
3,59000E-2	4,06929E-1	3,59000E+6	-9,33862E+1	-9,37734E+1
3,60000E-2	4,85834E-1	3,60000E+6	-9,86942E+1	-9,17051E+1
3,61000E-2	4,94884E-1	3,61000E+6	-9,18488E+1	-9,29029E+1
3,62000E-2	4,35738E-1	3,62000E+6	-1,01673E+2	-1,01910E+2
3,63000E-2	3,15150E-1	3,63000E+6	-9,54570E+1	-9,45338E+1
3,64000E-2	1,50713E-1	3,64000E+6	-9,46959E+1	-9,18750E+1
3,65000E-2	-3,60316E-2	3,65000E+6	-9,76724E+1	-9,03251E+1
3,66000E-2	-2,16148E-1	3,66000E+6	-9,17969E+1	-8,76695E+1
3,67000E-2	-3,65926E-1	3,67000E+6	-9,43927E+1	-8,75543E+1
3,68000E-2	-4,64843E-1	3,68000E+6	-8,94880E+1	-8,86351E+1
3,69000E-2	-4,99133E-1	3,69000E+6	-9,86827E+1	-9,68917E+1
3,70000E-2	-4,62676E-1	3,70000E+6	-1,06637E+2	-1,03083E+2
3,71000E-2	-3,59935E-1	3,71000E+6	-9,32540E+1	-9,12838E+1
3,72000E-2	-2,08754E-1	3,72000E+6	-9,04618E+1	-8,70014E+1
3,73000E-2	-2,57064E-2	3,73000E+6	-9,15097E+1	-8,86253E+1
3,74000E-2	1,58234E-1	3,74000E+6	-1,45197E+2	-9,33945E+1
3,75000E-2	3,22289E-1	3,75000E+6	-9,32765E+1	-1,00299E+2
3,76000E-2	4,40199E-1	3,76000E+6	-8,84265E+1	-9,14271E+1
3,77000E-2	4,95776E-1	3,77000E+6	-1,03191E+2	-9,34465E+1
3,78000E-2	4,83157E-1	3,78000E+6	-9,31651E+1	-9,66853E+1
3,79000E-2	4,01703E-1	3,79000E+6	-1,01489E+2	-1,05104E+2
3,80000E-2	2,63652E-1	3,80000E+6	-1,04085E+2	-1,25969E+2
3,81000E-2	8,91447E-2	3,81000E+6	-1,05345E+2	-1,00276E+2
3,82000E-2	-9,74725E-2	3,82000E+6	-9,76064E+1	-9,44000E+1
3,83000E-2	-2,71088E-1	3,83000E+6	-9,81098E+1	-9,86456E+1
3,84000E-2	-4,05569E-1	3,84000E+6	-9,84324E+1	-1,15346E+2
3,85000E-2	-4,84474E-1	3,85000E+6	-9,59944E+1	-1,01657E+2
3,86000E-2	-4,94544E-1	3,86000E+6	-1,01841E+2	-9,29775E+1
3,87000E-2	-4,34123E-1	3,87000E+6	-8,70021E+1	-8,56374E+1
3,88000E-2	-3,14173E-1	3,88000E+6	-9,41526E+1	-8,88074E+1
3,89000E-2	-1,49735E-1	3,89000E+6	-9,04733E+1	-9,04830E+1
3,90000E-2	3,59894E-2	3,90000E+6	-8,94790E+1	-8,52944E+1
3,91000E-2	2,17253E-1	3,91000E+6	-8,96114E+1	-8,70813E+1
3,92000E-2	3,66011E-1	3,92000E+6	-1,00214E+2	-9,41344E+1
3,93000E-2	4,65693E-1	3,93000E+6	-9,91924E+1	-9,45476E+1
3,94000E-2	5,00365E-1	3,94000E+6	-9,40517E+1	-9,04220E+1
3,95000E-2	4,63526E-1	3,95000E+6	-8,73684E+1	-8,87437E+1
3,96000E-2	3,61167E-1	3,96000E+6	-9,53581E+1	-9,35686E+1
3,97000E-2	2,08967E-1	3,97000E+6	-1,27272E+2	-9,88074E+1
3,98000E-2	2,82137E-2	3,98000E+6	-9,04000E+1	-9,22074E+1
3,99000E-2	-1,57256E-1	3,99000E+6	-9,26000E+1	-9,22949E+1
4,00000E-2	-3,20929E-1	4,00000E+6	-9,52956E+1	-1,07037E+2
4,01000E-2	-4,38712E-1	4,01000E+6	-8,91775E+1	-9,32088E+1
4,02000E-2	-4,94544E-1	4,02000E+6	-9,53299E+1	-1,03004E+2
4,03000E-2	-4,82052E-1	4,03000E+6	-1,03887E+2	-9,23416E+1
4,04000E-2	-4,01490E-1	4,04000E+6	-9,24179E+1	-9,71780E+1
4,05000E-2	-2,62929E-1	4,05000E+6	-9,04197E+1	-9,39946E+1
4,06000E-2	-8,82946E-2	4,06000E+6	-9,65977E+1	-1,02878E+2
4,07000E-2	9,76852E-2	4,07000E+6	-9,40963E+1	-9,45695E+1
4,08000E-2	2,71300E-1	4,08000E+6	-9,95473E+1	-1,05624E+2
4,09000E-2	4,06929E-1	4,09000E+6	-9,41267E+1	-1,00769E+2
4,10000E-2	4,85196E-1	4,10000E+6	-9,17542E+1	-9,05099E+1
4,11000E-2	4,95521E-1	4,11000E+6	-8,99199E+1	-9,09448E+1
4,12000E-2	4,35483E-1	4,12000E+6	-9,07512E+1	-9,59774E+1
4,13000E-2	3,15533E-1	4,13000E+6	-9,43756E+1	-1,00227E+2
4,14000E-2	1,51223E-1	4,14000E+6	-9,68724E+1	-9,81404E+1
4,15000E-2	-3,50118E-2	4,15000E+6	-9,64917E+1	-9,36745E+1
4,16000E-2	-2,16020E-1	4,16000E+6	-9,84368E+1	-1,03655E+2
4,17000E-2	-3,65543E-1	4,17000E+6	-9,86863E+1	-9,72637E+1
4,18000E-2	-4,64843E-1	4,18000E+6	-9,40387E+1	-8,99066E+1
4,19000E-2	-4,98878E-1	4,19000E+6	-9,06947E+1	-8,85244E+1
4,20000E-2	-4,62549E-1	4,20000E+6	-1,00076E+2	-9,67138E+1
4,21000E-2	-3,60827E-1	4,21000E+6	-9,97678E+1	-9,51773E+1
4,22000E-2	-2,07097E-1	4,22000E+6	-9,04236E+1	-9,06614E+1
4,23000E-2	-2,81284E-2	4,23000E+6	-1,08790E+2	-9,92819E+1
4,24000E-2	1,58234E-1	4,24000E+6	-1,07934E+2	-1,01279E+2
4,25000E-2	3,21524E-1	4,25000E+6	-9,37796E+1	-9,23154E+1
4,26000E-2	4,39434E-1	4,26000E+6	-1,01913E+2	-9,15113E+1
4,27000E-2	4,96159E-1	4,27000E+6	-9,39911E+1	-8,88346E+1
4,28000E-2	4,83157E-1	4,28000E+6	-8,83780E+1	-8,93538E+1
4,29000E-2	4,02595E-1	4,29000E+6	-9,35051E+1	-9,23679E+1
4,30000E-2	2,64927E-1	4,30000E+6	-8,62839E+1	-8,86979E+1
4,31000E-2	8,96546E-2	4,31000E+6	-9,86248E+1	-9,32974E+1
4,32000E-2	-9,72175E-2	4,32000E+6	-1,10144E+2	-9,40570E+1
4,33000E-2	-2,69940E-1	4,33000E+6	-9,31845E+1	-9,43842E+1
4,34000E-2	-4,05442E-1	4,34000E+6	-9,67914E+1	-9,50530E+1
4,35000E-2	-4,84729E-1	4,35000E+6	-8,51060E+1	-8,53691E+1
4,36000E-2	-4,94289E-1	4,36000E+6	-9,47714E+1	-8,59619E+1
4,37000E-2	-4,35270E-1	4,37000E+6	-9,06578E+1	-8,92399E+1
4,38000E-2	-3,15192E-1	4,38000E+6	-9,24642E+1	-9,97967E+1
4,39000E-2	-1,50373E-1	4,39000E+6	-9,18084E+1	-1,04482E+2
4,40000E-2	3,56070E-2	4,40000E+6	-9,19634E+1	-1,04529E+2
4,41000E-2	2,16870E-1	4,41000E+6	-8,82424E+1	-8,99282E+1
4,42000E-2	3,66776E-1	4,42000E+6	-9,48133E+1	-9,25390E+1
4,43000E-2	4,65821E-1	4,43000E+6	-9,77991E+1	-8,96233E+1
4,44000E-2	5,00238E-1	4,44000E+6	-9,18112E+1	-8,70204E+1
4,45000E-2	4,63016E-1	4,45000E+6	-9,13950E+1	-8,84582E+1
4,46000E-2	3,62314E-1	4,46000E+6	-9,73990E+1	-9,97663E+1
4,47000E-2	2,10114E-1	4,47000E+6	-9,99240E+1	-9,37282E+1
4,48000E-2	2,83411E-2	4,48000E+6	-9,39746E+1	-9,07745E+1
4,49000E-2	-1,57511E-1	4,49000E+6	-9,56578E+1	-9,28414E+1
4,50000E-2	-3,21311E-1	4,50000E+6	-9,34269E+1	-9,03506E+1
4,51000E-2	-4,38967E-1	4,51000E+6	-9,25550E+1	-9,14421E+1
4,52000E-2	-4,95054E-1	4,52000E+6	-8,73074E+1	-8,88667E+1
4,53000E-2	-4,81542E-1	4,53000E+6	-1,20644E+2	-8,89389E+1
4,54000E-2	-4,01490E-1	4,54000E+6	-8,57368E+1	-8,67980E+1
4,55000E-2	-2,63822E-1	4,55000E+6	-9,33174E+1	-9,52750E+1
4,56000E-2	-8,99517E-2	4,56000E+6	-9,66459E+1	-9,75515E+1
4,57000E-2	9,81951E-2	4,57000E+6	-9,13577E+1	-9,42062E+1
4,58000E-2	2,71045E-1	4,58000E+6	-9,28328E+1	-8,88060E+1
4,59000E-2	4,06292E-1	4,59000E+6	-8,94277E+1	-8,45373E+1
4,60000E-2	4,85196E-1	4,60000E+6	-9,02236E+1	-8,84060E+1
4,61000E-2	4,94884E-1	4,61000E+6	-9,29254E+1	-9,49371E+1
4,62000E-2	4,36502E-1	4,62000E+6	-9,06866E+1	-9,19519E+1
4,63000E-2	3,15405E-1	4,63000E+6	-9,88482E+1	-9,00620E+1
4,64000E-2	1,51478E-1	4,64000E+6	-9,77354E+1	-9,46640E+1
4,65000E-2	-3,48843E-2	4,65000E+6	-9,83963E+1	-9,33210E+1
4,66000E-2	-2,15000E-1	4,66000E+6	-9,33617E+1	-9,31319E+1
4,67000E-2	-3,64651E-1	4,67000E+6	-1,06665E+2	-1,11429E+2
4,68000E-2	-4,64843E-1	4,68000E+6	-1,00369E+2	-1,02017E+2
4,69000E-2	-4,99770E-1	4,69000E+6	-9,61498E+1	-9,68880E+1
4,70000E-2	-4,62676E-1	4,70000E+6	-1,06491E+2	-9,92271E+1
4,71000E-2	-3,60954E-1	4,71000E+6	-9,19792E+1	-9,03077E+1
4,72000E-2	-2,08627E-1	4,72000E+6	-9,57100E+1	-8,86823E+1
4,73000E-2	-2,74910E-2	4,73000E+6	-9,12305E+1	-8,72108E+1
4,74000E-2	1,58744E-1	4,74000E+6	-9,39614E+1	-8,78835E+1
4,75000E-2	3,22161E-1	4,75000E+6	-9,65079E+1	-9,62569E+1
4,76000E-2	4,39817E-1	4,76000E+6	-9,44312E+1	-9,74544E+1
4,77000E-2	4,96031E-1	4,77000E+6	-9,35759E+1	-9,70236E+1
4,78000E-2	4,83284E-1	4,78000E+6	-9,59939E+1	-9,98195E+1
4,79000E-2	4,03105E-1	4,79000E+6	-9,70286E+1	-9,54187E+1
4,80000E-2	2,64672E-1	4,80000E+6	-9,32489E+1	-9,82639E+1
4,81000E-2	9,05469E-2	4,81000E+6	-8,85317E+1	-9,36905E+1
4,82000E-2	-9,69626E-2	4,82000E+6	-9,24557E+1	-1,02253E+2
4,83000E-2	-2,69176E-1	4,83000E+6	-1,06640E+2	-9,15939E+1
4,84000E-2	-4,06079E-1	4,84000E+6	-8,85286E+1	-9,04660E+1
4,85000E-2	-4,83581E-1	4,85000E+6	-9,44436E+1	-9,92678E+1
4,86000E-2	-4,94416E-1	4,86000E+6	-9,03273E+1	-8,96771E+1
4,87000E-2	-4,35652E-1	4,87000E+6	-1,05598E+2	-1,04326E+2
4,88000E-2	-3,14810E-1	4,88000E+6	-9,96173E+1	-1,06525E+2
4,89000E-2	-1,50245E-1	4,89000E+6	-9,04554E+1	-9,42189E+1
4,90000E-2	3,56070E-2	4,90000E+6	-9,01328E+1	-9,30885E+1
4,91000E-2	2,15723E-1	4,91000E+6	-9,40597E+1	-1,04456E+2
4,92000E-2	3,66903E-1	4,92000E+6	-9,59536E+1	-9,38953E+1
4,93000E-2	4,65438E-1	4,93000E+6	-9,65969E+1	-8,96109E+1
4,94000E-2	5,00238E-1	4,94000E+6	-9,32033E+1	-9,08415E+1
4,95000E-2	4,63781E-1	4,95000E+6	-1,03311E+2	-9,52154E+1
4,96000E-2	3,61422E-1	4,96000E+6	-9,91209E+1	-9,37260E+1
4,97000E-2	2,09859E-1	4,97000E+6	-9,81649E+1	-9,53521E+1
4,98000E-2	2,91060E-2	4,98000E+6	-1,02338E+2	-1,06564E+2
4,99000E-2	-1,57129E-1	4,99000E+6	-9,37396E+1	-9,57513E+1
5,00000E-2	-3,21566E-1	5,00000E+6	0,00000E+0	0,00000E+0
5,01000E-2	-4,38202E-1	5,01000E+6	0,00000E+0	0,00000E+0
5,02000E-2	-4,95054E-1	5,02000E+6	0,00000E+0	0,00000E+0
5,03000E-2	-4,83199E-1	5,03000E+6	0,00000E+0	0,00000E+0
5,04000E-2	-4,02255E-1	5,04000E+6	0,00000E+0	0,00000E+0
5,05000E-2	-2,64204E-1	5,05000E+6	0,00000E+0	0,00000E+0
5,06000E-2	-8,95693E-2	5,06000E+6	0,00000E+0	0,00000E+0
5,07000E-2	9,70479E-2	5,07000E+6	0,00000E+0	0,00000E+0
5,08000E-2	2,70408E-1	5,08000E+6	0,00000E+0	0,00000E+0
5,09000E-2	4,06547E-1	5,09000E+6	0,00000E+0	0,00000E+0
5,10000E-2	4,85196E-1	5,10000E+6	0,00000E+0	0,00000E+0
5,11000E-2	4,94757E-1	5,11000E+6	0,00000E+0	0,00000E+0
5,12000E-2	4,35865E-1	5,12000E+6	0,00000E+0	0,00000E+0
5,13000E-2	3,17062E-1	5,13000E+6	0,00000E+0	0,00000E+0
5,14000E-2	1,51605E-1	5,14000E+6	0,00000E+0	0,00000E+0
5,15000E-2	-3,39920E-2	5,15000E+6	0,00000E+0	0,00000E+0
5,16000E-2	-2,14236E-1	5,16000E+6	0,00000E+0	0,00000E+0
5,17000E-2	-3,64779E-1	5,17000E+6	0,00000E+0	0,00000E+0
5,18000E-2	-4,64843E-1	5,18000E+6	0,00000E+0	0,00000E+0
5,19000E-2	-4,99770E-1	5,19000E+6	0,00000E+0	0,00000E+0
5,20000E-2	-4,62549E-1	5,20000E+6	0,00000E+0	0,00000E+0
5,21000E-2	-3,60700E-1	5,21000E+6	0,00000E+0	0,00000E+0
5,22000E-2	-2,08754E-1	5,22000E+6	0,00000E+0	0,00000E+0
5,23000E-2	-2,77460E-2	5,23000E+6	0,00000E+0	0,00000E+0
5,24000E-2	1,57724E-1	5,24000E+6	0,00000E+0	0,00000E+0
5,25000E-2	3,21396E-1	5,25000E+6	0,00000E+0	0,00000E+0
5,26000E-2	4,39434E-1	5,26000E+6	0,00000E+0	0,00000E+0
5,27000E-2	4,95521E-1	5,27000E+6	0,00000E+0	0,00000E+0
5,28000E-2	4,82774E-1	5,28000E+6	0,00000E+0	0,00000E+0
5,29000E-2	4,03233E-1	5,29000E+6	0,00000E+0	0,00000E+0
5,30000E-2	2,65182E-1	5,30000E+6	0,00000E+0	0,00000E+0
5,31000E-2	9,16941E-2	5,31000E+6	0,00000E+0	0,00000E+0
5,32000E-2	-9,64527E-2	5,32000E+6	0,00000E+0	0,00000E+0
5,33000E-2	-2,69813E-1	5,33000E+6	0,00000E+0	0,00000E+0
5,34000E-2	-4,04932E-1	5,34000E+6	0,00000E+0	0,00000E+0
5,35000E-2	-4,83964E-1	5,35000E+6	0,00000E+0	0,00000E+0
5,36000E-2	-4,94416E-1	5,36000E+6	0,00000E+0	0,00000E+0
5,37000E-2	-4,35652E-1	5,37000E+6	0,00000E+0	0,00000E+0
5,38000E-2	-3,16467E-1	5,38000E+6	0,00000E+0	0,00000E+0
5,39000E-2	-1,50883E-1	5,39000E+6	0,00000E+0	0,00000E+0
5,40000E-2	3,57344E-2	5,40000E+6	0,00000E+0	0,00000E+0
5,41000E-2	2,16106E-1	5,41000E+6	0,00000E+0	0,00000E+0
5,42000E-2	3,67286E-1	5,42000E+6	0,00000E+0	0,00000E+0
5,43000E-2	4,65438E-1	5,43000E+6	0,00000E+0	0,00000E+0
5,44000E-2	5,00365E-1	5,44000E+6	0,00000E+0	0,00000E+0
5,45000E-2	4,64036E-1	5,45000E+6	0,00000E+0	0,00000E+0
5,46000E-2	3,62187E-1	5,46000E+6	0,00000E+0	0,00000E+0
5,47000E-2	2,10497E-1	5,47000E+6	0,00000E+0	0,00000E+0
5,48000E-2	2,92334E-2	5,48000E+6	0,00000E+0	0,00000E+0
5,49000E-2	-1,56874E-1	5,49000E+6	0,00000E+0	0,00000E+0
5,50000E-2	-3,21311E-1	5,50000E+6	0,00000E+0	0,00000E+0
5,51000E-2	-4,38712E-1	5,51000E+6	0,00000E+0	0,00000E+0
5,52000E-2	-4,95309E-1	5,52000E+6	0,00000E+0	0,00000E+0
5,53000E-2	-4,81924E-1	5,53000E+6	0,00000E+0	0,00000E+0
5,54000E-2	-4,02510E-1	5,54000E+6	0,00000E+0	0,00000E+0
5,55000E-2	-2,64714E-1	5,55000E+6	0,00000E+0	0,00000E+0
5,56000E-2	-8,99517E-2	5,56000E+6	0,00000E+0	0,00000E+0
5,57000E-2	9,71753E-2	5,57000E+6	0,00000E+0	0,00000E+0
5,58000E-2	2,69898E-1	5,58000E+6	0,00000E+0	0,00000E+0
5,59000E-2	4,06929E-1	5,59000E+6	0,00000E+0	0,00000E+0
5,60000E-2	4,84814E-1	5,60000E+6	0,00000E+0	0,00000E+0
5,61000E-2	4,95394E-1	5,61000E+6	0,00000E+0	0,00000E+0
5,62000E-2	4,36630E-1	5,62000E+6	0,00000E+0	0,00000E+0
5,63000E-2	3,17445E-1	5,63000E+6	0,00000E+0	0,00000E+0
5,64000E-2	1,52370E-1	5,64000E+6	0,00000E+0	0,00000E+0
5,65000E-2	-3,41195E-2	5,65000E+6	0,00000E+0	0,00000E+0
5,66000E-2	-2,14618E-1	5,66000E+6	0,00000E+0	0,00000E+0
5,67000E-2	-3,65161E-1	5,67000E+6	0,00000E+0	0,00000E+0
5,68000E-2	-4,65098E-1	5,68000E+6	0,00000E+0	0,00000E+0
5,69000E-2	-5,00025E-1	5,69000E+6	0,00000E+0	0,00000E+0
5,70000E-2	-4,63059E-1	5,70000E+6	0,00000E+0	0,00000E+0
5,71000E-2	-3,61847E-1	5,71000E+6	0,00000E+0	0,00000E+0
5,72000E-2	-2,09137E-1	5,72000E+6	0,00000E+0	0,00000E+0
5,73000E-2	-2,81284E-2	5,73000E+6	0,00000E+0	0,00000E+0
5,74000E-2	1,57596E-1	5,74000E+6	0,00000E+0	0,00000E+0
5,75000E-2	3,21396E-1	5,75000E+6	0,00000E+0	0,00000E+0
5,76000E-2	4,38414E-1	5,76000E+6	0,00000E+0	0,00000E+0
5,77000E-2	4,95139E-1	5,77000E+6	0,00000E+0	0,00000E+0
5,78000E-2	4,84431E-1	5,78000E+6	0,00000E+0	0,00000E+0
5,79000E-2	4,02468E-1	5,79000E+6	0,00000E+0	0,00000E+0
5,80000E-2	2,65182E-1	5,80000E+6	0,00000E+0	0,00000E+0
5,81000E-2	9,05469E-2	5,81000E+6	0,00000E+0	0,00000E+0
5,82000E-2	-9,54329E-2	5,82000E+6	0,00000E+0	0,00000E+0
5,83000E-2	-2,68921E-1	5,83000E+6	0,00000E+0	0,00000E+0
5,84000E-2	-4,05442E-1	5,84000E+6	0,00000E+0	0,00000E+0
5,85000E-2	-4,83581E-1	5,85000E+6	0,00000E+0	0,00000E+0
5,86000E-2	-4,94034E-1	5,86000E+6	0,00000E+0	0,00000E+0
5,87000E-2	-4,36290E-1	5,87000E+6	0,00000E+0	0,00000E+0
5,88000E-2	-3,16467E-1	5,88000E+6	0,00000E+0	0,00000E+0
5,89000E-2	-1,51393E-1	5,89000E+6	0,00000E+0	0,00000E+0
5,90000E-2	3,45872E-2	5,90000E+6	0,00000E+0	0,00000E+0
5,91000E-2	2,15978E-1	5,91000E+6	0,00000E+0	0,00000E+0
5,92000E-2	3,66011E-1	5,92000E+6	0,00000E+0	0,00000E+0
5,93000E-2	4,65693E-1	5,93000E+6	0,00000E+0	0,00000E+0
5,94000E-2	4,99983E-1	5,94000E+6	0,00000E+0	0,00000E+0
5,95000E-2	4,63399E-1	5,95000E+6	0,00000E+0	0,00000E+0
5,96000E-2	3,63334E-1	5,96000E+6	0,00000E+0	0,00000E+0
5,97000E-2	2,10752E-1	5,97000E+6	0,00000E+0	0,00000E+0
5,98000E-2	2,91060E-2	5,98000E+6	0,00000E+0	0,00000E+0
5,99000E-2	-1,56364E-1	5,99000E+6	0,00000E+0	0,00000E+0
6,00000E-2	-3,19272E-1	6,00000E+6	0,00000E+0	0,00000E+0
6,01000E-2	-4,37947E-1	6,01000E+6	0,00000E+0	0,00000E+0
6,02000E-2	-4,94544E-1	6,02000E+6	0,00000E+0	0,00000E+0
6,03000E-2	-4,82944E-1	6,03000E+6	0,00000E+0	0,00000E+0
6,04000E-2	-4,02510E-1	6,04000E+6	0,00000E+0	0,00000E+0
6,05000E-2	-2,64714E-1	6,05000E+6	0,00000E+0	0,00000E+0
6,06000E-2	-9,08440E-2	6,06000E+6	0,00000E+0	0,00000E+0
6,07000E-2	9,55182E-2	6,07000E+6	0,00000E+0	0,00000E+0
6,08000E-2	2,69388E-1	6,08000E+6	0,00000E+0	0,00000E+0
6,09000E-2	4,05909E-1	6,09000E+6	0,00000E+0	0,00000E+0
6,10000E-2	4,84304E-1	6,10000E+6	0,00000E+0	0,00000E+0
6,11000E-2	4,94757E-1	6,11000E+6	0,00000E+0	0,00000E+0
6,12000E-2	4,37395E-1	6,12000E+6	0,00000E+0	0,00000E+0
6,13000E-2	3,16935E-1	6,13000E+6	0,00000E+0	0,00000E+0
6,14000E-2	1,52880E-1	6,14000E+6	0,00000E+0	0,00000E+0
6,15000E-2	-3,42470E-2	6,15000E+6	0,00000E+0	0,00000E+0
6,16000E-2	-2,13471E-1	6,16000E+6	0,00000E+0	0,00000E+0
6,17000E-2	-3,65288E-1	6,17000E+6	0,00000E+0	0,00000E+0
6,18000E-2	-4,64971E-1	6,18000E+6	0,00000E+0	0,00000E+0
6,19000E-2	-4,98495E-1	6,19000E+6	0,00000E+0	0,00000E+0
6,20000E-2	-4,62421E-1	6,20000E+6	0,00000E+0	0,00000E+0
6,21000E-2	-3,61974E-1	6,21000E+6	0,00000E+0	0,00000E+0
6,22000E-2	-2,10794E-1	6,22000E+6	0,00000E+0	0,00000E+0
6,23000E-2	-2,88932E-2	6,23000E+6	0,00000E+0	0,00000E+0
6,24000E-2	1,56959E-1	6,24000E+6	0,00000E+0	0,00000E+0
6,25000E-2	3,20632E-1	6,25000E+6	0,00000E+0	0,00000E+0
6,26000E-2	4,38669E-1	6,26000E+6	0,00000E+0	0,00000E+0
6,27000E-2	4,96286E-1	6,27000E+6	0,00000E+0	0,00000E+0
6,28000E-2	4,82774E-1	6,28000E+6	0,00000E+0	0,00000E+0
6,29000E-2	4,03360E-1	6,29000E+6	0,00000E+0	0,00000E+0
6,30000E-2	2,66456E-1	6,30000E+6	0,00000E+0	0,00000E+0
6,31000E-2	9,09293E-2	6,31000E+6	0,00000E+0	0,00000E+0
6,32000E-2	-9,50505E-2	6,32000E+6	0,00000E+0	0,00000E+0
6,33000E-2	-2,69176E-1	6,33000E+6	0,00000E+0	0,00000E+0
6,34000E-2	-4,04422E-1	6,34000E+6	0,00000E+0	0,00000E+0
6,35000E-2	-4,83964E-1	6,35000E+6	0,00000E+0	0,00000E+0
6,36000E-2	-4,94799E-1	6,36000E+6	0,00000E+0	0,00000E+0
6,37000E-2	-4,35397E-1	6,37000E+6	0,00000E+0	0,00000E+0
6,38000E-2	-3,16595E-1	6,38000E+6	0,00000E+0	0,00000E+0
6,39000E-2	-1,51393E-1	6,39000E+6	0,00000E+0	0,00000E+0
6,40000E-2	3,40773E-2	6,40000E+6	0,00000E+0	0,00000E+0
6,41000E-2	2,14321E-1	6,41000E+6	0,00000E+0	0,00000E+0
6,42000E-2	3,66011E-1	6,42000E+6	0,00000E+0	0,00000E+0
6,43000E-2	4,65311E-1	6,43000E+6	0,00000E+0	0,00000E+0
6,44000E-2	5,00365E-1	6,44000E+6	0,00000E+0	0,00000E+0
6,45000E-2	4,63144E-1	6,45000E+6	0,00000E+0	0,00000E+0
6,46000E-2	3,62952E-1	6,46000E+6	0,00000E+0	0,00000E+0
6,47000E-2	2,11644E-1	6,47000E+6	0,00000E+0	0,00000E+0
6,48000E-2	2,97433E-2	6,48000E+6	0,00000E+0	0,00000E+0
6,49000E-2	-1,56874E-1	6,49000E+6	0,00000E+0	0,00000E+0
6,50000E-2	-3,18762E-1	6,50000E+6	0,00000E+0	0,00000E+0
6,51000E-2	-4,37564E-1	6,51000E+6	0,00000E+0	0,00000E+0
6,52000E-2	-4,95309E-1	6,52000E+6	0,00000E+0	0,00000E+0
6,53000E-2	-4,82689E-1	6,53000E+6	0,00000E+0	0,00000E+0
6,54000E-2	-4,02255E-1	6,54000E+6	0,00000E+0	0,00000E+0
6,55000E-2	-2,64714E-1	6,55000E+6	0,00000E+0	0,00000E+0
6,56000E-2	-9,16088E-2	6,56000E+6	0,00000E+0	0,00000E+0
6,57000E-2	9,59006E-2	6,57000E+6	0,00000E+0	0,00000E+0
6,58000E-2	2,69898E-1	6,58000E+6	0,00000E+0	0,00000E+0
6,59000E-2	4,05272E-1	6,59000E+6	0,00000E+0	0,00000E+0
6,60000E-2	4,84176E-1	6,60000E+6	0,00000E+0	0,00000E+0
6,61000E-2	4,95649E-1	6,61000E+6	0,00000E+0	0,00000E+0
6,62000E-2	4,37522E-1	6,62000E+6	0,00000E+0	0,00000E+0
6,63000E-2	3,17572E-1	6,63000E+6	0,00000E+0	0,00000E+0
6,64000E-2	1,52498E-1	6,64000E+6	0,00000E+0	0,00000E+0
6,65000E-2	-3,27173E-2	6,65000E+6	0,00000E+0	0,00000E+0
6,66000E-2	-2,13343E-1	6,66000E+6	0,00000E+0	0,00000E+0
6,67000E-2	-3,64524E-1	6,67000E+6	0,00000E+0	0,00000E+0
6,68000E-2	-4,64461E-1	6,68000E+6	0,00000E+0	0,00000E+0
6,69000E-2	-4,99005E-1	6,69000E+6	0,00000E+0	0,00000E+0
6,70000E-2	-4,63186E-1	6,70000E+6	0,00000E+0	0,00000E+0
6,71000E-2	-3,61974E-1	6,71000E+6	0,00000E+0	0,00000E+0
6,72000E-2	-2,10921E-1	6,72000E+6	0,00000E+0	0,00000E+0
6,73000E-2	-2,88932E-2	6,73000E+6	0,00000E+0	0,00000E+0
6,74000E-2	1,55939E-1	6,74000E+6	0,00000E+0	0,00000E+0
6,75000E-2	3,20759E-1	6,75000E+6	0,00000E+0	0,00000E+0
6,76000E-2	4,38414E-1	6,76000E+6	0,00000E+0	0,00000E+0
6,77000E-2	4,96286E-1	6,77000E+6	0,00000E+0	0,00000E+0
6,78000E-2	4,83922E-1	6,78000E+6	0,00000E+0	0,00000E+0
6,79000E-2	4,03233E-1	6,79000E+6	0,00000E+0	0,00000E+0
6,80000E-2	2,67476E-1	6,80000E+6	0,00000E+0	0,00000E+0
6,81000E-2	9,32237E-2	6,81000E+6	0,00000E+0	0,00000E+0
6,82000E-2	-9,50505E-2	6,82000E+6	0,00000E+0	0,00000E+0
6,83000E-2	-2,69303E-1	6,83000E+6	0,00000E+0	0,00000E+0
6,84000E-2	-4,04422E-1	6,84000E+6	0,00000E+0	0,00000E+0
6,85000E-2	-4,82689E-1	6,85000E+6	0,00000E+0	0,00000E+0
6,86000E-2	-4,95054E-1	6,86000E+6	0,00000E+0	0,00000E+0
6,87000E-2	-4,36545E-1	6,87000E+6	0,00000E+0	0,00000E+0
6,88000E-2	-3,16340E-1	6,88000E+6	0,00000E+0	0,00000E+0
6,89000E-2	-1,52157E-1	6,89000E+6	0,00000E+0	0,00000E+0
6,90000E-2	3,34400E-2	6,90000E+6	0,00000E+0	0,00000E+0
6,91000E-2	2,13939E-1	6,91000E+6	0,00000E+0	0,00000E+0
6,92000E-2	3,65246E-1	6,92000E+6	0,00000E+0	0,00000E+0
6,93000E-2	4,65566E-1	6,93000E+6	0,00000E+0	0,00000E+0
6,94000E-2	4,99728E-1	6,94000E+6	0,00000E+0	0,00000E+0
6,95000E-2	4,64673E-1	6,95000E+6	0,00000E+0	0,00000E+0
6,96000E-2	3,62952E-1	6,96000E+6	0,00000E+0	0,00000E+0
6,97000E-2	2,12409E-1	6,97000E+6	0,00000E+0	0,00000E+0
6,98000E-2	3,01257E-2	6,98000E+6	0,00000E+0	0,00000E+0
6,99000E-2	-1,55344E-1	6,99000E+6	0,00000E+0	0,00000E+0
7,00000E-2	-3,19781E-1	7,00000E+6	0,00000E+0	0,00000E+0
7,01000E-2	-4,37182E-1	7,01000E+6	0,00000E+0	0,00000E+0
7,02000E-2	-4,95181E-1	7,02000E+6	0,00000E+0	0,00000E+0
7,03000E-2	-4,83199E-1	7,03000E+6	0,00000E+0	0,00000E+0
7,04000E-2	-4,02382E-1	7,04000E+6	0,00000E+0	0,00000E+0
7,05000E-2	-2,65479E-1	7,05000E+6	0,00000E+0	0,00000E+0
7,06000E-2	-9,08440E-2	7,06000E+6	0,00000E+0	0,00000E+0
7,07000E-2	9,57732E-2	7,07000E+6	0,00000E+0	0,00000E+0
7,08000E-2	2,69898E-1	7,08000E+6	0,00000E+0	0,00000E+0
7,09000E-2	4,04762E-1	7,09000E+6	0,00000E+0	0,00000E+0
7,10000E-2	4,83922E-1	7,10000E+6	0,00000E+0	0,00000E+0
7,11000E-2	4,96286E-1	7,11000E+6	0,00000E+0	0,00000E+0
7,12000E-2	4,37650E-1	7,12000E+6	0,00000E+0	0,00000E+0
7,13000E-2	3,17445E-1	7,13000E+6	0,00000E+0	0,00000E+0
7,14000E-2	1,52880E-1	7,14000E+6	0,00000E+0	0,00000E+0
7,15000E-2	-3,30997E-2	7,15000E+6	0,00000E+0	0,00000E+0
7,16000E-2	-2,12451E-1	7,16000E+6	0,00000E+0	0,00000E+0
7,17000E-2	-3,64269E-1	7,17000E+6	0,00000E+0	0,00000E+0
7,18000E-2	-4,64588E-1	7,18000E+6	0,00000E+0	0,00000E+0
7,19000E-2	-4,98368E-1	7,19000E+6	0,00000E+0	0,00000E+0
7,20000E-2	-4,62421E-1	7,20000E+6	0,00000E+0	0,00000E+0
7,21000E-2	-3,63376E-1	7,21000E+6	0,00000E+0	0,00000E+0
7,22000E-2	-2,11049E-1	7,22000E+6	0,00000E+0	0,00000E+0
7,23000E-2	-2,94031E-2	7,23000E+6	0,00000E+0	0,00000E+0
7,24000E-2	1,55812E-1	7,24000E+6	0,00000E+0	0,00000E+0
7,25000E-2	3,19102E-1	7,25000E+6	0,00000E+0	0,00000E+0
7,26000E-2	4,37777E-1	7,26000E+6	0,00000E+0	0,00000E+0
7,27000E-2	4,96031E-1	7,27000E+6	0,00000E+0	0,00000E+0
7,28000E-2	4,84176E-1	7,28000E+6	0,00000E+0	0,00000E+0
7,29000E-2	4,02850E-1	7,29000E+6	0,00000E+0	0,00000E+0
7,30000E-2	2,67221E-1	7,30000E+6	0,00000E+0	0,00000E+0
7,31000E-2	9,32237E-2	7,31000E+6	0,00000E+0	0,00000E+0
7,32000E-2	-9,41582E-2	7,32000E+6	0,00000E+0	0,00000E+0
7,33000E-2	-2,68156E-1	7,33000E+6	0,00000E+0	0,00000E+0
7,34000E-2	-4,04422E-1	7,34000E+6	0,00000E+0	0,00000E+0
7,35000E-2	-4,82816E-1	7,35000E+6	0,00000E+0	0,00000E+0
7,36000E-2	-4,94416E-1	7,36000E+6	0,00000E+0	0,00000E+0
7,37000E-2	-4,37054E-1	7,37000E+6	0,00000E+0	0,00000E+0
7,38000E-2	-3,16722E-1	7,38000E+6	0,00000E+0	0,00000E+0
7,39000E-2	-1,52030E-1	7,39000E+6	0,00000E+0	0,00000E+0
7,40000E-2	3,34400E-2	7,40000E+6	0,00000E+0	0,00000E+0
7,41000E-2	2,14448E-1	7,41000E+6	0,00000E+0	0,00000E+0
7,42000E-2	3,64736E-1	7,42000E+6	0,00000E+0	0,00000E+0
7,43000E-2	4,65311E-1	7,43000E+6	0,00000E+0	0,00000E+0
7,44000E-2	4,98836E-1	7,44000E+6	0,00000E+0	0,00000E+0
7,45000E-2	4,64164E-1	7,45000E+6	0,00000E+0	0,00000E+0
7,46000E-2	3,63207E-1	7,46000E+6	0,00000E+0	0,00000E+0
7,47000E-2	2,13174E-1	7,47000E+6	0,00000E+0	0,00000E+0
7,48000E-2	3,05081E-2	7,48000E+6	0,00000E+0	0,00000E+0
7,49000E-2	-1,55344E-1	7,49000E+6	0,00000E+0	0,00000E+0
7,50000E-2	-3,19017E-1	7,50000E+6	0,00000E+0	0,00000E+0
7,51000E-2	-4,37309E-1	7,51000E+6	0,00000E+0	0,00000E+0
7,52000E-2	-4,95309E-1	7,52000E+6	0,00000E+0	0,00000E+0
7,53000E-2	-4,83199E-1	7,53000E+6	0,00000E+0	0,00000E+0
7,54000E-2	-4,02510E-1	7,54000E+6	0,00000E+0	0,00000E+0
7,55000E-2	-2,66371E-1	7,55000E+6	0,00000E+0	0,00000E+0
7,56000E-2	-9,18638E-2	7,56000E+6	0,00000E+0	0,00000E+0
7,57000E-2	9,47534E-2	7,57000E+6	0,00000E+0	0,00000E+0
7,58000E-2	2,68496E-1	7,58000E+6	0,00000E+0	0,00000E+0
7,59000E-2	4,04635E-1	7,59000E+6	0,00000E+0	0,00000E+0
7,60000E-2	4,83794E-1	7,60000E+6	0,00000E+0	0,00000E+0
7,61000E-2	4,95521E-1	7,61000E+6	0,00000E+0	0,00000E+0
7,62000E-2	4,38287E-1	7,62000E+6	0,00000E+0	0,00000E+0
7,63000E-2	3,18337E-1	7,63000E+6	0,00000E+0	0,00000E+0
7,64000E-2	1,53135E-1	7,64000E+6	0,00000E+0	0,00000E+0
7,65000E-2	-3,20800E-2	7,65000E+6	0,00000E+0	0,00000E+0
7,66000E-2	-2,12706E-1	7,66000E+6	0,00000E+0	0,00000E+0
7,67000E-2	-3,64651E-1	7,67000E+6	0,00000E+0	0,00000E+0
7,68000E-2	-4,64206E-1	7,68000E+6	0,00000E+0	0,00000E+0
7,69000E-2	-4,98750E-1	7,69000E+6	0,00000E+0	0,00000E+0
7,70000E-2	-4,63441E-1	7,70000E+6	0,00000E+0	0,00000E+0
7,71000E-2	-3,63249E-1	7,71000E+6	0,00000E+0	0,00000E+0
7,72000E-2	-2,11941E-1	7,72000E+6	0,00000E+0	0,00000E+0
7,73000E-2	-2,97855E-2	7,73000E+6	0,00000E+0	0,00000E+0
7,74000E-2	1,56449E-1	7,74000E+6	0,00000E+0	0,00000E+0
7,75000E-2	3,19229E-1	7,75000E+6	0,00000E+0	0,00000E+0
7,76000E-2	4,38414E-1	7,76000E+6	0,00000E+0	0,00000E+0
7,77000E-2	4,96286E-1	7,77000E+6	0,00000E+0	0,00000E+0
7,78000E-2	4,84304E-1	7,78000E+6	0,00000E+0	0,00000E+0
7,79000E-2	4,03615E-1	7,79000E+6	0,00000E+0	0,00000E+0
7,80000E-2	2,67476E-1	7,80000E+6	0,00000E+0	0,00000E+0
7,81000E-2	9,30963E-2	7,81000E+6	0,00000E+0	0,00000E+0
7,82000E-2	-9,33934E-2	7,82000E+6	0,00000E+0	0,00000E+0
7,83000E-2	-2,68666E-1	7,83000E+6	0,00000E+0	0,00000E+0
7,84000E-2	-4,03402E-1	7,84000E+6	0,00000E+0	0,00000E+0
7,85000E-2	-4,82689E-1	7,85000E+6	0,00000E+0	0,00000E+0
7,86000E-2	-4,94289E-1	7,86000E+6	0,00000E+0	0,00000E+0
7,87000E-2	-4,36672E-1	7,87000E+6	0,00000E+0	0,00000E+0
7,88000E-2	-3,17359E-1	7,88000E+6	0,00000E+0	0,00000E+0
7,89000E-2	-1,52157E-1	7,89000E+6	0,00000E+0	0,00000E+0
7,90000E-2	3,21653E-2	7,90000E+6	0,00000E+0	0,00000E+0
7,91000E-2	2,13301E-1	7,91000E+6	0,00000E+0	0,00000E+0
7,92000E-2	3,65246E-1	7,92000E+6	0,00000E+0	0,00000E+0
7,93000E-2	4,65693E-1	7,93000E+6	0,00000E+0	0,00000E+0
7,94000E-2	4,99473E-1	7,94000E+6	0,00000E+0	0,00000E+0
7,95000E-2	4,64291E-1	7,95000E+6	0,00000E+0	0,00000E+0
7,96000E-2	3,63207E-1	7,96000E+6	0,00000E+0	0,00000E+0
7,97000E-2	2,12664E-1	7,97000E+6	0,00000E+0	0,00000E+0
7,98000E-2	2,99983E-2	7,98000E+6	0,00000E+0	0,00000E+0
7,99000E-2	-1,53942E-1	7,99000E+6	0,00000E+0	0,00000E+0
8,00000E-2	-3,18762E-1	8,00000E+6	0,00000E+0	0,00000E+0
8,01000E-2	-4,37309E-1	8,01000E+6	0,00000E+0	0,00000E+0
8,02000E-2	-4,95181E-1	8,02000E+6	0,00000E+0	0,00000E+0
8,03000E-2	-4,83454E-1	8,03000E+6	0,00000E+0	0,00000E+0
8,04000E-2	-4,03020E-1	8,04000E+6	0,00000E+0	0,00000E+0
8,05000E-2	-2,67136E-1	8,05000E+6	0,00000E+0	0,00000E+0
8,06000E-2	-9,27560E-2	8,06000E+6	0,00000E+0	0,00000E+0
8,07000E-2	9,52633E-2	8,07000E+6	0,00000E+0	0,00000E+0
8,08000E-2	2,67986E-1	8,08000E+6	0,00000E+0	0,00000E+0
8,09000E-2	4,05017E-1	8,09000E+6	0,00000E+0	0,00000E+0
8,10000E-2	4,83922E-1	8,10000E+6	0,00000E+0	0,00000E+0
8,11000E-2	4,96031E-1	8,11000E+6	0,00000E+0	0,00000E+0
8,12000E-2	4,38542E-1	8,12000E+6	0,00000E+0	0,00000E+0
8,13000E-2	3,18082E-1	8,13000E+6	0,00000E+0	0,00000E+0
8,14000E-2	1,53645E-1	8,14000E+6	0,00000E+0	0,00000E+0
8,15000E-2	-3,23349E-2	8,15000E+6	0,00000E+0	0,00000E+0
8,16000E-2	-2,12833E-1	8,16000E+6	0,00000E+0	0,00000E+0
8,17000E-2	-3,64269E-1	8,17000E+6	0,00000E+0	0,00000E+0
8,18000E-2	-4,64588E-1	8,18000E+6	0,00000E+0	0,00000E+0
8,19000E-2	-4,98368E-1	8,19000E+6	0,00000E+0	0,00000E+0
8,20000E-2	-4,63059E-1	8,20000E+6	0,00000E+0	0,00000E+0
8,21000E-2	-3,63376E-1	8,21000E+6	0,00000E+0	0,00000E+0
8,22000E-2	-2,11686E-1	8,22000E+6	0,00000E+0	0,00000E+0
8,23000E-2	-3,02954E-2	8,23000E+6	0,00000E+0	0,00000E+0
8,24000E-2	1,55939E-1	8,24000E+6	0,00000E+0	0,00000E+0
8,25000E-2	3,18210E-1	8,25000E+6	0,00000E+0	0,00000E+0
8,26000E-2	4,37650E-1	8,26000E+6	0,00000E+0	0,00000E+0
8,27000E-2	4,96541E-1	8,27000E+6	0,00000E+0	0,00000E+0
8,28000E-2	4,83794E-1	8,28000E+6	0,00000E+0	0,00000E+0
8,29000E-2	4,04252E-1	8,29000E+6	0,00000E+0	0,00000E+0
8,30000E-2	2,67094E-1	8,30000E+6	0,00000E+0	0,00000E+0
8,31000E-2	9,43710E-2	8,31000E+6	0,00000E+0	0,00000E+0
8,32000E-2	-9,33934E-2	8,32000E+6	0,00000E+0	0,00000E+0
8,33000E-2	-2,68538E-1	8,33000E+6	0,00000E+0	0,00000E+0
8,34000E-2	-4,03785E-1	8,34000E+6	0,00000E+0	0,00000E+0
8,35000E-2	-4,83199E-1	8,35000E+6	0,00000E+0	0,00000E+0
8,36000E-2	-4,94671E-1	8,36000E+6	0,00000E+0	0,00000E+0
8,37000E-2	-4,37564E-1	8,37000E+6	0,00000E+0	0,00000E+0
8,38000E-2	-3,17614E-1	8,38000E+6	0,00000E+0	0,00000E+0
8,39000E-2	-1,53050E-1	8,39000E+6	0,00000E+0	0,00000E+0
8,40000E-2	3,12730E-2	8,40000E+6	0,00000E+0	0,00000E+0
8,41000E-2	2,12536E-1	8,41000E+6	0,00000E+0	0,00000E+0
8,42000E-2	3,64481E-1	8,42000E+6	0,00000E+0	0,00000E+0
8,43000E-2	4,65438E-1	8,43000E+6	0,00000E+0	0,00000E+0
8,44000E-2	4,99345E-1	8,44000E+6	0,00000E+0	0,00000E+0
8,45000E-2	4,63654E-1	8,45000E+6	0,00000E+0	0,00000E+0
8,46000E-2	3,64991E-1	8,46000E+6	0,00000E+0	0,00000E+0
8,47000E-2	2,13429E-1	8,47000E+6	0,00000E+0	0,00000E+0
8,48000E-2	3,14004E-2	8,48000E+6	0,00000E+0	0,00000E+0
8,49000E-2	-1,54707E-1	8,49000E+6	0,00000E+0	0,00000E+0
8,50000E-2	-3,17614E-1	8,50000E+6	0,00000E+0	0,00000E+0
8,51000E-2	-4,37054E-1	8,51000E+6	0,00000E+0	0,00000E+0
8,52000E-2	-4,95691E-1	8,52000E+6	0,00000E+0	0,00000E+0
8,53000E-2	-4,83836E-1	8,53000E+6	0,00000E+0	0,00000E+0
8,54000E-2	-4,03912E-1	8,54000E+6	0,00000E+0	0,00000E+0
8,55000E-2	-2,65479E-1	8,55000E+6	0,00000E+0	0,00000E+0
8,56000E-2	-9,30110E-2	8,56000E+6	0,00000E+0	0,00000E+0
8,57000E-2	9,37336E-2	8,57000E+6	0,00000E+0	0,00000E+0
8,58000E-2	2,69006E-1	8,58000E+6	0,00000E+0	0,00000E+0
8,59000E-2	4,04635E-1	8,59000E+6	0,00000E+0	0,00000E+0
8,60000E-2	4,83539E-1	8,60000E+6	0,00000E+0	0,00000E+0
8,61000E-2	4,95011E-1	8,61000E+6	0,00000E+0	0,00000E+0
8,62000E-2	4,38797E-1	8,62000E+6	0,00000E+0	0,00000E+0
8,63000E-2	3,18592E-1	8,63000E+6	0,00000E+0	0,00000E+0
8,64000E-2	1,53900E-1	8,64000E+6	0,00000E+0	0,00000E+0
8,65000E-2	-3,16976E-2	8,65000E+6	0,00000E+0	0,00000E+0
8,66000E-2	-2,12196E-1	8,66000E+6	0,00000E+0	0,00000E+0
8,67000E-2	-3,63886E-1	8,67000E+6	0,00000E+0	0,00000E+0
8,68000E-2	-4,64333E-1	8,68000E+6	0,00000E+0	0,00000E+0
8,69000E-2	-4,98240E-1	8,69000E+6	0,00000E+0	0,00000E+0
8,70000E-2	-4,62931E-1	8,70000E+6	0,00000E+0	0,00000E+0
8,71000E-2	-3,63886E-1	8,71000E+6	0,00000E+0	0,00000E+0
8,72000E-2	-2,12196E-1	8,72000E+6	0,00000E+0	0,00000E+0
8,73000E-2	-3,05503E-2	8,73000E+6	0,00000E+0	0,00000E+0
8,74000E-2	1,55047E-1	8,74000E+6	0,00000E+0	0,00000E+0
8,75000E-2	3,18847E-1	8,75000E+6	0,00000E+0	0,00000E+0
8,76000E-2	4,37395E-1	8,76000E+6	0,00000E+0	0,00000E+0
8,77000E-2	4,96031E-1	8,77000E+6	0,00000E+0	0,00000E+0
8,78000E-2	4,84431E-1	8,78000E+6	0,00000E+0	0,00000E+0
8,79000E-2	4,03870E-1	8,79000E+6	0,00000E+0	0,00000E+0
8,80000E-2	2,67986E-1	8,80000E+6	0,00000E+0	0,00000E+0
8,81000E-2	9,43710E-2	8,81000E+6	0,00000E+0	0,00000E+0
8,82000E-2	-9,32659E-2	8,82000E+6	0,00000E+0	0,00000E+0
8,83000E-2	-2,68028E-1	8,83000E+6	0,00000E+0	0,00000E+0
8,84000E-2	-4,03657E-1	8,84000E+6	0,00000E+0	0,00000E+0
8,85000E-2	-4,82562E-1	8,85000E+6	0,00000E+0	0,00000E+0
8,86000E-2	-4,95309E-1	8,86000E+6	0,00000E+0	0,00000E+0
8,87000E-2	-4,37564E-1	8,87000E+6	0,00000E+0	0,00000E+0
8,88000E-2	-3,17742E-1	8,88000E+6	0,00000E+0	0,00000E+0
8,89000E-2	-1,52922E-1	8,89000E+6	0,00000E+0	0,00000E+0
8,90000E-2	3,20378E-2	8,90000E+6	0,00000E+0	0,00000E+0
8,91000E-2	2,12536E-1	8,91000E+6	0,00000E+0	0,00000E+0
8,92000E-2	3,64227E-1	8,92000E+6	0,00000E+0	0,00000E+0
8,93000E-2	4,64673E-1	8,93000E+6	0,00000E+0	0,00000E+0
8,94000E-2	4,99728E-1	8,94000E+6	0,00000E+0	0,00000E+0
8,95000E-2	4,64801E-1	8,95000E+6	0,00000E+0	0,00000E+0
8,96000E-2	3,63972E-1	8,96000E+6	0,00000E+0	0,00000E+0
8,97000E-2	2,14193E-1	8,97000E+6	0,00000E+0	0,00000E+0
8,98000E-2	3,17829E-2	8,98000E+6	0,00000E+0	0,00000E+0
8,99000E-2	-1,53942E-1	8,99000E+6	0,00000E+0	0,00000E+0
9,00000E-2	-3,17997E-1	9,00000E+6	0,00000E+0	0,00000E+0
9,01000E-2	-4,37182E-1	9,01000E+6	0,00000E+0	0,00000E+0
9,02000E-2	-4,94926E-1	9,02000E+6	0,00000E+0	0,00000E+0
9,03000E-2	-4,83454E-1	9,03000E+6	0,00000E+0	0,00000E+0
9,04000E-2	-4,03275E-1	9,04000E+6	0,00000E+0	0,00000E+0
9,05000E-2	-2,67646E-1	9,05000E+6	0,00000E+0	0,00000E+0
9,06000E-2	-9,37758E-2	9,06000E+6	0,00000E+0	0,00000E+0
9,07000E-2	9,42435E-2	9,07000E+6	0,00000E+0	0,00000E+0
9,08000E-2	2,68114E-1	9,08000E+6	0,00000E+0	0,00000E+0
9,09000E-2	4,04380E-1	9,09000E+6	0,00000E+0	0,00000E+0
9,10000E-2	4,83029E-1	9,10000E+6	0,00000E+0	0,00000E+0
9,11000E-2	4,95776E-1	9,11000E+6	0,00000E+0	0,00000E+0
9,12000E-2	4,38797E-1	9,12000E+6	0,00000E+0	0,00000E+0
9,13000E-2	3,19739E-1	9,13000E+6	0,00000E+0	0,00000E+0
9,14000E-2	1,54920E-1	9,14000E+6	0,00000E+0	0,00000E+0
9,15000E-2	-2,92756E-2	9,15000E+6	0,00000E+0	0,00000E+0
9,16000E-2	-2,11814E-1	9,16000E+6	0,00000E+0	0,00000E+0
9,17000E-2	-3,63631E-1	9,17000E+6	0,00000E+0	0,00000E+0
9,18000E-2	-4,64588E-1	9,18000E+6	0,00000E+0	0,00000E+0
9,19000E-2	-4,98240E-1	9,19000E+6	0,00000E+0	0,00000E+0
9,20000E-2	-4,63186E-1	9,20000E+6	0,00000E+0	0,00000E+0
9,21000E-2	-3,64141E-1	9,21000E+6	0,00000E+0	0,00000E+0
9,22000E-2	-2,11941E-1	9,22000E+6	0,00000E+0	0,00000E+0
9,23000E-2	-3,10602E-2	9,23000E+6	0,00000E+0	0,00000E+0
9,24000E-2	1,54665E-1	9,24000E+6	0,00000E+0	0,00000E+0
9,25000E-2	3,17572E-1	9,25000E+6	0,00000E+0	0,00000E+0
9,26000E-2	4,38032E-1	9,26000E+6	0,00000E+0	0,00000E+0
9,27000E-2	4,95776E-1	9,27000E+6	0,00000E+0	0,00000E+0
9,28000E-2	4,83794E-1	9,28000E+6	0,00000E+0	0,00000E+0
9,29000E-2	4,04380E-1	9,29000E+6	0,00000E+0	0,00000E+0
9,30000E-2	2,67986E-1	9,30000E+6	0,00000E+0	0,00000E+0
9,31000E-2	9,46259E-2	9,31000E+6	0,00000E+0	0,00000E+0
9,32000E-2	-9,27560E-2	9,32000E+6	0,00000E+0	0,00000E+0
9,33000E-2	-2,67009E-1	9,33000E+6	0,00000E+0	0,00000E+0
9,34000E-2	-4,02892E-1	9,34000E+6	0,00000E+0	0,00000E+0
9,35000E-2	-4,82689E-1	9,35000E+6	0,00000E+0	0,00000E+0
9,36000E-2	-4,94671E-1	9,36000E+6	0,00000E+0	0,00000E+0
9,37000E-2	-4,38074E-1	9,37000E+6	0,00000E+0	0,00000E+0
9,38000E-2	-3,18507E-1	9,38000E+6	0,00000E+0	0,00000E+0
9,39000E-2	-1,55089E-1	9,39000E+6	0,00000E+0	0,00000E+0
9,40000E-2	3,15279E-2	9,40000E+6	0,00000E+0	0,00000E+0
9,41000E-2	2,12154E-1	9,41000E+6	0,00000E+0	0,00000E+0
9,42000E-2	3,64354E-1	9,42000E+6	0,00000E+0	0,00000E+0
9,43000E-2	4,64546E-1	9,43000E+6	0,00000E+0	0,00000E+0
9,44000E-2	5,00238E-1	9,44000E+6	0,00000E+0	0,00000E+0
9,45000E-2	4,64928E-1	9,45000E+6	0,00000E+0	0,00000E+0
9,46000E-2	3,65756E-1	9,46000E+6	0,00000E+0	0,00000E+0
9,47000E-2	2,14066E-1	9,47000E+6	0,00000E+0	0,00000E+0
9,48000E-2	3,22927E-2	9,48000E+6	0,00000E+0	0,00000E+0
9,49000E-2	-1,54197E-1	9,49000E+6	0,00000E+0	0,00000E+0
9,50000E-2	-3,16850E-1	9,50000E+6	0,00000E+0	0,00000E+0
9,51000E-2	-4,36290E-1	9,51000E+6	0,00000E+0	0,00000E+0
9,52000E-2	-4,95054E-1	9,52000E+6	0,00000E+0	0,00000E+0
9,53000E-2	-4,82944E-1	9,53000E+6	0,00000E+0	0,00000E+0
9,54000E-2	-4,03275E-1	9,54000E+6	0,00000E+0	0,00000E+0
9,55000E-2	-2,67391E-1	9,55000E+6	0,00000E+0	0,00000E+0
9,56000E-2	-9,39033E-2	9,56000E+6	0,00000E+0	0,00000E+0
9,57000E-2	9,37336E-2	9,57000E+6	0,00000E+0	0,00000E+0
9,58000E-2	2,67476E-1	9,58000E+6	0,00000E+0	0,00000E+0
9,59000E-2	4,04507E-1	9,59000E+6	0,00000E+0	0,00000E+0
9,60000E-2	4,83794E-1	9,60000E+6	0,00000E+0	0,00000E+0
9,61000E-2	4,95011E-1	9,61000E+6	0,00000E+0	0,00000E+0
9,62000E-2	4,38924E-1	9,62000E+6	0,00000E+0	0,00000E+0
9,63000E-2	3,19612E-1	9,63000E+6	0,00000E+0	0,00000E+0
9,64000E-2	1,54920E-1	9,64000E+6	0,00000E+0	0,00000E+0
9,65000E-2	-3,09327E-2	9,65000E+6	0,00000E+0	0,00000E+0
9,66000E-2	-2,10284E-1	9,66000E+6	0,00000E+0	0,00000E+0
9,67000E-2	-3,63249E-1	9,67000E+6	0,00000E+0	0,00000E+0
9,68000E-2	-4,64206E-1	9,68000E+6	0,00000E+0	0,00000E+0
9,69000E-2	-4,98113E-1	9,69000E+6	0,00000E+0	0,00000E+0
9,70000E-2	-4,63568E-1	9,70000E+6	0,00000E+0	0,00000E+0
9,71000E-2	-3,64779E-1	9,71000E+6	0,00000E+0	0,00000E+0
9,72000E-2	-2,12579E-1	9,72000E+6	0,00000E+0	0,00000E+0
9,73000E-2	-3,19525E-2	9,73000E+6	0,00000E+0	0,00000E+0
9,74000E-2	1,55175E-1	9,74000E+6	0,00000E+0	0,00000E+0
9,75000E-2	3,17827E-1	9,75000E+6	0,00000E+0	0,00000E+0
9,76000E-2	4,37140E-1	9,76000E+6	0,00000E+0	0,00000E+0
9,77000E-2	4,96414E-1	9,77000E+6	0,00000E+0	0,00000E+0
9,78000E-2	4,84304E-1	9,78000E+6	0,00000E+0	0,00000E+0
9,79000E-2	4,04635E-1	9,79000E+6	0,00000E+0	0,00000E+0
9,80000E-2	2,67859E-1	9,80000E+6	0,00000E+0	0,00000E+0
9,81000E-2	9,53907E-2	9,81000E+6	0,00000E+0	0,00000E+0
9,82000E-2	-9,25011E-2	9,82000E+6	0,00000E+0	0,00000E+0
9,83000E-2	-2,66626E-1	9,83000E+6	0,00000E+0	0,00000E+0
9,84000E-2	-4,02382E-1	9,84000E+6	0,00000E+0	0,00000E+0
9,85000E-2	-4,82562E-1	9,85000E+6	0,00000E+0	0,00000E+0
9,86000E-2	-4,94671E-1	9,86000E+6	0,00000E+0	0,00000E+0
9,87000E-2	-4,38457E-1	9,87000E+6	0,00000E+0	0,00000E+0
9,88000E-2	-3,18252E-1	9,88000E+6	0,00000E+0	0,00000E+0
9,89000E-2	-1,54197E-1	9,89000E+6	0,00000E+0	0,00000E+0
9,90000E-2	3,12730E-2	9,90000E+6	0,00000E+0	0,00000E+0
9,91000E-2	2,11262E-1	9,91000E+6	0,00000E+0	0,00000E+0
9,92000E-2	3,63717E-1	9,92000E+6	0,00000E+0	0,00000E+0
9,93000E-2	4,64164E-1	9,93000E+6	0,00000E+0	0,00000E+0
9,94000E-2	5,00110E-1	9,94000E+6	0,00000E+0	0,00000E+0
9,95000E-2	4,65056E-1	9,95000E+6	0,00000E+0	0,00000E+0
9,96000E-2	3,64991E-1	9,96000E+6	0,00000E+0	0,00000E+0
9,97000E-2	2,14321E-1	9,97000E+6	0,00000E+0	0,00000E+0
9,98000E-2	3,26751E-2	9,98000E+6	0,00000E+0	0,00000E+0
9,99000E-2	-1,52540E-1	9,99000E+6	0,00000E+0	0,00000E+0
