0,00000E+0	-1,79892E-1	0,00000E+0	-6,71475E+1	-6,73226E+1
1,00000E-3	4,18361E-1	1,00000E+3	-9,39000E+1	-7,00519E+1
2,00000E-3	-4,98790E-1	2,00000E+3	-9,00166E+1	-1,04753E+2
3,00000E-3	3,89022E-1	3,00000E+3	-8,42893E+1	-8,91980E+1
4,00000E-3	-1,28868E-1	4,00000E+3	-8,48077E+1	-8,84736E+1
5,00000E-3	-1,79892E-1	5,00000E+3	-9,12576E+1	-8,83597E+1
6,00000E-3	4,20912E-1	6,00000E+3	-8,81208E+1	-9,41831E+1
7,00000E-3	-4,98790E-1	7,00000E+3	-9,06541E+1	-8,86641E+1
8,00000E-3	3,88385E-1	8,00000E+3	-8,29268E+1	-9,07119E+1
9,00000E-3	-1,26317E-1	9,00000E+3	-8,34054E+1	-8,96265E+1
1,00000E-2	-1,79892E-1	1,00000E+4	-8,09646E+1	-8,83760E+1
1,10000E-2	4,19637E-1	1,10000E+4	-8,63447E+1	-9,51211E+1
1,20000E-2	-4,97515E-1	1,20000E+4	-9,02616E+1	-9,33965E+1
1,30000E-2	3,87747E-1	1,30000E+4	-8,47765E+1	-9,12526E+1
1,40000E-2	-1,28868E-1	1,40000E+4	-8,34023E+1	-8,88483E+1
1,50000E-2	-1,81168E-1	1,50000E+4	-9,18390E+1	-9,09974E+1
1,60000E-2	4,21550E-1	1,60000E+4	-8,63121E+1	-9,01181E+1
1,70000E-2	-4,98790E-1	1,70000E+4	-9,58134E+1	-8,93446E+1
1,80000E-2	3,87109E-1	1,80000E+4	-8,65630E+1	-9,11018E+1
1,90000E-2	-1,25042E-1	1,90000E+4	-8,70755E+1	-8,94172E+1
2,00000E-2	-1,81168E-1	2,00000E+4	-8,29113E+1	-8,51344E+1
2,10000E-2	4,20274E-1	2,10000E+4	-8,79242E+1	-9,26505E+1
2,20000E-2	-4,96239E-1	2,20000E+4	-8,83642E+1	-9,91389E+1
2,30000E-2	3,85833E-1	2,30000E+4	-8,76877E+1	-9,17202E+1
2,40000E-2	-1,26955E-1	2,40000E+4	-8,33722E+1	-9,20529E+1
2,50000E-2	-1,81168E-1	2,50000E+4	-8,58472E+1	-1,04216E+2
2,60000E-2	4,19637E-1	2,60000E+4	-8,68624E+1	-9,30485E+1
2,70000E-2	-4,97515E-1	2,70000E+4	-9,82250E+1	-8,52861E+1
2,80000E-2	3,87747E-1	2,80000E+4	-8,41712E+1	-8,67574E+1
2,90000E-2	-1,27593E-1	2,90000E+4	-8,71527E+1	-9,09765E+1
3,00000E-2	-1,80530E-1	3,00000E+4	-9,16159E+1	-9,56220E+1
3,10000E-2	4,20912E-1	3,10000E+4	-8,57697E+1	-9,04924E+1
3,20000E-2	-4,98153E-1	3,20000E+4	-8,92124E+1	-9,28559E+1
3,30000E-2	3,87747E-1	3,30000E+4	-8,79149E+1	-1,06955E+2
3,40000E-2	-1,25042E-1	3,40000E+4	-8,73230E+1	-9,33092E+1
3,50000E-2	-1,81805E-1	3,50000E+4	-8,47727E+1	-9,72394E+1
3,60000E-2	4,20912E-1	3,60000E+4	-8,46463E+1	-9,06061E+1
3,70000E-2	-4,98153E-1	3,70000E+4	-9,40834E+1	-8,51469E+1
3,80000E-2	3,85833E-1	3,80000E+4	-8,38815E+1	-8,29442E+1
3,90000E-2	-1,26317E-1	3,90000E+4	-8,73372E+1	-9,05632E+1
4,00000E-2	-1,81168E-1	4,00000E+4	-8,31968E+1	-9,21980E+1
4,10000E-2	4,19637E-1	4,10000E+4	-8,58493E+1	-9,74772E+1
4,20000E-2	-4,98153E-1	4,20000E+4	-8,37682E+1	-9,52319E+1
4,30000E-2	3,87109E-1	4,30000E+4	-8,46895E+1	-8,96681E+1
4,40000E-2	-1,25679E-1	4,40000E+4	-9,66350E+1	-8,51156E+1
4,50000E-2	-1,82443E-1	4,50000E+4	-8,91242E+1	-9,11679E+1
4,60000E-2	4,20912E-1	4,60000E+4	-8,31370E+1	-8,40889E+1
4,70000E-2	-4,97515E-1	4,70000E+4	-9,56193E+1	-8,40586E+1
4,80000E-2	3,85196E-1	4,80000E+4	-8,87562E+1	-9,21407E+1
4,90000E-2	-1,23766E-1	4,90000E+4	-8,92007E+1	-9,77564E+1
5,00000E-2	-1,82443E-1	5,00000E+4	-8,88062E+1	-1,01209E+2
5,10000E-2	4,20912E-1	5,10000E+4	-8,63215E+1	-9,08077E+1
5,20000E-2	-4,97515E-1	5,20000E+4	-8,28772E+1	-8,71432E+1
5,30000E-2	3,86471E-1	5,30000E+4	-8,47408E+1	-9,39763E+1
5,40000E-2	-1,26317E-1	5,40000E+4	-8,96063E+1	-9,48539E+1
5,50000E-2	-1,83719E-1	5,50000E+4	-8,79943E+1	-9,38056E+1
5,60000E-2	4,22826E-1	5,60000E+4	-8,87780E+1	-9,75228E+1
5,70000E-2	-4,99428E-1	5,70000E+4	-8,42710E+1	-8,93615E+1
5,80000E-2	3,86471E-1	5,80000E+4	-8,98715E+1	-8,60796E+1
5,90000E-2	-1,23128E-1	5,90000E+4	-8,42450E+1	-8,73504E+1
6,00000E-2	-1,83719E-1	6,00000E+4	-8,11382E+1	-8,74950E+1
6,10000E-2	4,21550E-1	6,10000E+4	-8,57439E+1	-9,21343E+1
6,20000E-2	-4,98790E-1	6,20000E+4	-8,35585E+1	-8,88886E+1
6,30000E-2	3,84558E-1	6,30000E+4	-9,10952E+1	-8,80590E+1
6,40000E-2	-1,24404E-1	6,40000E+4	-8,87871E+1	-9,57886E+1
6,50000E-2	-1,83719E-1	6,50000E+4	-9,06251E+1	-9,03178E+1
6,60000E-2	4,20912E-1	6,60000E+4	-8,27505E+1	-8,56482E+1
6,70000E-2	-4,97515E-1	6,70000E+4	-9,71656E+1	-8,86933E+1
6,80000E-2	3,86471E-1	6,80000E+4	-9,03114E+1	-9,01494E+1
6,90000E-2	-1,23766E-1	6,90000E+4	-8,80380E+1	-8,84086E+1
7,00000E-2	-1,84994E-1	7,00000E+4	-8,36011E+1	-8,58956E+1
7,10000E-2	4,23463E-1	7,10000E+4	-9,73562E+1	-9,05871E+1
7,20000E-2	-4,97515E-1	7,20000E+4	-8,88714E+1	-9,27317E+1
7,30000E-2	3,83282E-1	7,30000E+4	-8,91236E+1	-9,77666E+1
7,40000E-2	-1,23128E-1	7,40000E+4	-8,35842E+1	-8,87639E+1
7,50000E-2	-1,83719E-1	7,50000E+4	-9,17231E+1	-9,02889E+1
7,60000E-2	4,20912E-1	7,60000E+4	-8,42286E+1	-8,75684E+1
7,70000E-2	-4,98153E-1	7,70000E+4	-9,28181E+1	-1,00622E+2
7,80000E-2	3,85833E-1	7,80000E+4	-1,05828E+2	-9,28199E+1
7,90000E-2	-1,24404E-1	7,90000E+4	-9,34119E+1	-9,61382E+1
8,00000E-2	-1,83719E-1	8,00000E+4	-8,77229E+1	-8,97768E+1
8,10000E-2	4,23463E-1	8,10000E+4	-8,33257E+1	-9,06489E+1
8,20000E-2	-4,97515E-1	8,20000E+4	-8,57212E+1	-9,88968E+1
8,30000E-2	3,83282E-1	8,30000E+4	-8,96621E+1	-9,56403E+1
8,40000E-2	-1,21853E-1	8,40000E+4	-8,81391E+1	-1,01656E+2
8,50000E-2	-1,84357E-1	8,50000E+4	-8,84229E+1	-9,21289E+1
8,60000E-2	4,22826E-1	8,60000E+4	-8,94508E+1	-8,65235E+1
8,70000E-2	-4,96877E-1	8,70000E+4	-8,02340E+1	-8,39862E+1
8,80000E-2	3,84558E-1	8,80000E+4	-8,09179E+1	-8,38769E+1
8,90000E-2	-1,23128E-1	8,90000E+4	-8,63363E+1	-8,80632E+1
9,00000E-2	-1,83081E-1	9,00000E+4	-8,85743E+1	-9,28535E+1
9,10000E-2	4,22826E-1	9,10000E+4	-8,26158E+1	-8,78268E+1
9,20000E-2	-5,00066E-1	9,20000E+4	-8,96740E+1	-8,72904E+1
9,30000E-2	3,86471E-1	9,30000E+4	-8,36262E+1	-8,74158E+1
9,40000E-2	-1,22490E-1	9,40000E+4	-9,14520E+1	-9,08436E+1
9,50000E-2	-1,85632E-1	9,50000E+4	-8,90458E+1	-8,82462E+1
9,60000E-2	4,23463E-1	9,60000E+4	-9,17763E+1	-8,91211E+1
9,70000E-2	-4,96239E-1	9,70000E+4	-8,18398E+1	-8,73245E+1
9,80000E-2	3,83282E-1	9,80000E+4	-8,17834E+1	-8,69937E+1
9,90000E-2	-1,21853E-1	9,90000E+4	-8,68926E+1	-9,41552E+1
1,00000E-1	-1,83719E-1	1,00000E+5	-8,33356E+1	-9,34094E+1
1,01000E-1	4,22826E-1	1,01000E+5	-8,43857E+1	-9,74779E+1
1,02000E-1	-4,97515E-1	1,02000E+5	-8,99323E+1	-8,61779E+1
1,03000E-1	3,85196E-1	1,03000E+5	-8,09774E+1	-8,32481E+1
1,04000E-1	-1,22490E-1	1,04000E+5	-8,43326E+1	-8,42933E+1
1,05000E-1	-1,86908E-1	1,05000E+5	-8,10215E+1	-9,25141E+1
1,06000E-1	4,24739E-1	1,06000E+5	-8,11037E+1	-8,85639E+1
1,07000E-1	-4,98153E-1	1,07000E+5	-8,70023E+1	-9,03020E+1
1,08000E-1	3,82007E-1	1,08000E+5	-8,34042E+1	-9,78805E+1
1,09000E-1	-1,21853E-1	1,09000E+5	-8,23770E+1	-9,24775E+1
1,10000E-1	-1,84994E-1	1,10000E+5	-8,60961E+1	-9,91233E+1
1,11000E-1	4,22188E-1	1,11000E+5	-8,70513E+1	-9,99610E+1
1,12000E-1	-4,97515E-1	1,12000E+5	-8,53695E+1	-1,02454E+2
1,13000E-1	3,85196E-1	1,13000E+5	-8,40979E+1	-9,26308E+1
1,14000E-1	-1,20577E-1	1,14000E+5	-8,18992E+1	-9,21805E+1
1,15000E-1	-1,85632E-1	1,15000E+5	-8,06990E+1	-8,92821E+1
1,16000E-1	4,24739E-1	1,16000E+5	-8,79504E+1	-8,87275E+1
1,17000E-1	-4,99428E-1	1,17000E+5	-8,56166E+1	-8,99947E+1
1,18000E-1	3,83920E-1	1,18000E+5	-8,55927E+1	-8,30782E+1
1,19000E-1	-1,19939E-1	1,19000E+5	-8,30618E+1	-8,39649E+1
1,20000E-1	-1,85632E-1	1,20000E+5	-8,23471E+1	-8,49654E+1
1,21000E-1	4,23463E-1	1,21000E+5	-9,42535E+1	-8,30609E+1
1,22000E-1	-4,96877E-1	1,22000E+5	-8,13576E+1	-8,52593E+1
1,23000E-1	3,83282E-1	1,23000E+5	-8,56124E+1	-9,35666E+1
1,24000E-1	-1,21853E-1	1,24000E+5	-8,94305E+1	-9,29145E+1
1,25000E-1	-1,84994E-1	1,25000E+5	-1,13543E+2	-9,10059E+1
1,26000E-1	4,22826E-1	1,26000E+5	-9,10050E+1	-9,53262E+1
1,27000E-1	-5,00066E-1	1,27000E+5	-8,92969E+1	-9,49691E+1
1,28000E-1	3,83920E-1	1,28000E+5	-8,59828E+1	-9,03817E+1
1,29000E-1	-1,19939E-1	1,29000E+5	-8,65126E+1	-9,18106E+1
1,30000E-1	-1,88183E-1	1,30000E+5	-1,00661E+2	-8,58525E+1
1,31000E-1	4,24739E-1	1,31000E+5	-8,15179E+1	-8,63554E+1
1,32000E-1	-4,97515E-1	1,32000E+5	-8,30321E+1	-9,54786E+1
1,33000E-1	3,82007E-1	1,33000E+5	-8,34667E+1	-8,46210E+1
1,34000E-1	-1,19939E-1	1,34000E+5	-8,78453E+1	-8,70801E+1
1,35000E-1	-1,86908E-1	1,35000E+5	-8,38336E+1	-9,02057E+1
1,36000E-1	4,23463E-1	1,36000E+5	-8,38788E+1	-9,31939E+1
1,37000E-1	-4,97515E-1	1,37000E+5	-8,31140E+1	-9,14723E+1
1,38000E-1	3,83282E-1	1,38000E+5	-8,65928E+1	-8,82025E+1
1,39000E-1	-1,21853E-1	1,39000E+5	-8,78008E+1	-9,06134E+1
1,40000E-1	-1,86908E-1	1,40000E+5	-8,47736E+1	-9,90562E+1
1,41000E-1	4,26015E-1	1,41000E+5	-8,50704E+1	-9,23598E+1
1,42000E-1	-4,99428E-1	1,42000E+5	-9,08145E+1	-9,53205E+1
1,43000E-1	3,82644E-1	1,43000E+5	-9,38105E+1	-9,54350E+1
1,44000E-1	-1,18664E-1	1,44000E+5	-8,84878E+1	-9,70750E+1
1,45000E-1	-1,87546E-1	1,45000E+5	-8,82085E+1	-8,82429E+1
1,46000E-1	4,23463E-1	1,46000E+5	-8,23679E+1	-8,73861E+1
1,47000E-1	-4,98790E-1	1,47000E+5	-8,26664E+1	-9,43748E+1
1,48000E-1	3,83282E-1	1,48000E+5	-8,59061E+1	-9,39730E+1
1,49000E-1	-1,18664E-1	1,49000E+5	-8,45087E+1	-9,35135E+1
1,50000E-1	-1,88183E-1	1,50000E+5	-8,35251E+1	-9,09317E+1
1,51000E-1	4,25377E-1	1,51000E+5	-9,17031E+1	-9,01476E+1
1,52000E-1	-4,98153E-1	1,52000E+5	-8,65494E+1	-9,45506E+1
1,53000E-1	3,80731E-1	1,53000E+5	-8,78098E+1	-9,33607E+1
1,54000E-1	-1,18664E-1	1,54000E+5	-8,44091E+1	-9,25766E+1
1,55000E-1	-1,88183E-1	1,55000E+5	-8,73249E+1	-9,27471E+1
1,56000E-1	4,22826E-1	1,56000E+5	-8,21242E+1	-8,64286E+1
1,57000E-1	-4,98153E-1	1,57000E+5	-9,10753E+1	-9,07433E+1
1,58000E-1	3,83920E-1	1,58000E+5	-8,80125E+1	-8,82450E+1
1,59000E-1	-1,20577E-1	1,59000E+5	-8,28380E+1	-8,30919E+1
1,60000E-1	-1,89459E-1	1,60000E+5	-8,50275E+1	-8,48219E+1
1,61000E-1	4,26015E-1	1,61000E+5	-8,50672E+1	-8,92230E+1
1,62000E-1	-4,98153E-1	1,62000E+5	-9,09864E+1	-8,90671E+1
1,63000E-1	3,81369E-1	1,63000E+5	-8,39337E+1	-8,76824E+1
1,64000E-1	-1,18664E-1	1,64000E+5	-9,12600E+1	-8,87683E+1
1,65000E-1	-1,87546E-1	1,65000E+5	-8,70681E+1	-1,00421E+2
1,66000E-1	4,23463E-1	1,66000E+5	-8,66234E+1	-1,00812E+2
1,67000E-1	-4,97515E-1	1,67000E+5	-8,36324E+1	-9,66502E+1
1,68000E-1	3,82644E-1	1,68000E+5	-8,50928E+1	-9,72886E+1
1,69000E-1	-1,19301E-1	1,69000E+5	-8,69503E+1	-9,28110E+1
1,70000E-1	-1,88821E-1	1,70000E+5	-9,26505E+1	-9,01085E+1
1,71000E-1	4,26652E-1	1,71000E+5	-8,37775E+1	-1,00677E+2
1,72000E-1	-4,96877E-1	1,72000E+5	-7,99964E+1	-8,43736E+1
1,73000E-1	3,82007E-1	1,73000E+5	-9,53528E+1	-8,42950E+1
1,74000E-1	-1,17388E-1	1,74000E+5	-8,56656E+1	-1,01128E+2
1,75000E-1	-1,88821E-1	1,75000E+5	-8,21625E+1	-9,60792E+1
1,76000E-1	4,23463E-1	1,76000E+5	-8,16368E+1	-1,20092E+2
1,77000E-1	-4,97515E-1	1,77000E+5	-8,10669E+1	-9,17120E+1
1,78000E-1	3,82007E-1	1,78000E+5	-8,67905E+1	-8,99995E+1
1,79000E-1	-1,19939E-1	1,79000E+5	-8,57348E+1	-8,88033E+1
1,80000E-1	-1,89459E-1	1,80000E+5	-8,62913E+1	-9,04658E+1
1,81000E-1	4,26015E-1	1,81000E+5	-8,29594E+1	-8,73534E+1
1,82000E-1	-4,96877E-1	1,82000E+5	-8,68772E+1	-8,54827E+1
1,83000E-1	3,79455E-1	1,83000E+5	-8,26242E+1	-9,63983E+1
1,84000E-1	-1,18026E-1	1,84000E+5	-8,10098E+1	-8,87433E+1
1,85000E-1	-1,90097E-1	1,85000E+5	-8,47984E+1	-8,92202E+1
1,86000E-1	4,25377E-1	1,86000E+5	-8,70928E+1	-8,64032E+1
1,87000E-1	-4,99428E-1	1,87000E+5	-8,20787E+1	-8,83750E+1
1,88000E-1	3,80731E-1	1,88000E+5	-8,05294E+1	-8,75859E+1
1,89000E-1	-1,16112E-1	1,89000E+5	-8,94030E+1	-8,81051E+1
1,90000E-1	-1,92010E-1	1,90000E+5	-8,46110E+1	-9,15056E+1
1,91000E-1	4,26015E-1	1,91000E+5	-8,48551E+1	-9,13113E+1
1,92000E-1	-4,96239E-1	1,92000E+5	-8,56832E+1	-9,03799E+1
1,93000E-1	3,81369E-1	1,93000E+5	-8,87199E+1	-9,05195E+1
1,94000E-1	-1,18026E-1	1,94000E+5	-8,65851E+1	-1,02894E+2
1,95000E-1	-1,90097E-1	1,95000E+5	-8,45944E+1	-9,11723E+1
1,96000E-1	4,27928E-1	1,96000E+5	-8,74461E+1	-8,85996E+1
1,97000E-1	-4,98153E-1	1,97000E+5	-8,22361E+1	-8,71834E+1
1,98000E-1	3,80731E-1	1,98000E+5	-9,11824E+1	-9,53242E+1
1,99000E-1	-1,16112E-1	1,99000E+5	-9,87818E+1	-9,08044E+1
2,00000E-1	-1,90097E-1	2,00000E+5	-8,52687E+1	-9,05343E+1
2,01000E-1	4,24101E-1	2,01000E+5	-8,41987E+1	-9,03018E+1
2,02000E-1	-4,98153E-1	2,02000E+5	-9,39175E+1	-9,34136E+1
2,03000E-1	3,81369E-1	2,03000E+5	-8,86029E+1	-8,79639E+1
2,04000E-1	-1,16112E-1	2,04000E+5	-8,18924E+1	-8,56682E+1
2,05000E-1	-1,92010E-1	2,05000E+5	-8,72253E+1	-9,03564E+1
2,06000E-1	4,26015E-1	2,06000E+5	-8,44609E+1	-9,11817E+1
2,07000E-1	-4,98153E-1	2,07000E+5	-8,04875E+1	-8,83001E+1
2,08000E-1	3,78818E-1	2,08000E+5	-8,44556E+1	-9,41551E+1
2,09000E-1	-1,15475E-1	2,09000E+5	-8,46177E+1	-9,90733E+1
2,10000E-1	-1,90097E-1	2,10000E+5	-8,32242E+1	-9,61850E+1
2,11000E-1	4,26652E-1	2,11000E+5	-8,16414E+1	-8,68772E+1
2,12000E-1	-4,97515E-1	2,12000E+5	-9,44555E+1	-8,58660E+1
2,13000E-1	3,81369E-1	2,13000E+5	-8,54050E+1	-8,86015E+1
2,14000E-1	-1,16112E-1	2,14000E+5	-8,47322E+1	-9,07262E+1
2,15000E-1	-1,92010E-1	2,15000E+5	-8,65140E+1	-8,91626E+1
2,16000E-1	4,26015E-1	2,16000E+5	-8,08240E+1	-8,41829E+1
2,17000E-1	-4,96239E-1	2,17000E+5	-8,99739E+1	-8,62972E+1
2,18000E-1	3,80093E-1	2,18000E+5	-8,60519E+1	-8,77992E+1
2,19000E-1	-1,15475E-1	2,19000E+5	-8,59120E+1	-9,09461E+1
2,20000E-1	-1,90097E-1	2,20000E+5	-8,16199E+1	-8,87815E+1
2,21000E-1	4,26652E-1	2,21000E+5	-8,38552E+1	-9,06650E+1
2,22000E-1	-4,98790E-1	2,22000E+5	-8,21367E+1	-9,60233E+1
2,23000E-1	3,78818E-1	2,23000E+5	-8,09077E+1	-9,13390E+1
2,24000E-1	-1,15475E-1	2,24000E+5	-8,18398E+1	-9,52202E+1
2,25000E-1	-1,93286E-1	2,25000E+5	-8,54970E+1	-8,82180E+1
2,26000E-1	4,27290E-1	2,26000E+5	-8,12643E+1	-9,45365E+1
2,27000E-1	-4,96239E-1	2,27000E+5	-8,10155E+1	-8,91577E+1
2,28000E-1	3,79455E-1	2,28000E+5	-9,14538E+1	-8,54649E+1
2,29000E-1	-1,14837E-1	2,29000E+5	-8,33106E+1	-8,84634E+1
2,30000E-1	-1,92010E-1	2,30000E+5	-8,90973E+1	-9,12485E+1
2,31000E-1	4,26652E-1	2,31000E+5	-8,52274E+1	-1,03666E+2
2,32000E-1	-4,98790E-1	2,32000E+5	-8,22031E+1	-8,81353E+1
2,33000E-1	3,80093E-1	2,33000E+5	-8,10211E+1	-8,43294E+1
2,34000E-1	-1,13561E-1	2,34000E+5	-8,51268E+1	-8,18017E+1
2,35000E-1	-1,93286E-1	2,35000E+5	-7,84181E+1	-8,20322E+1
2,36000E-1	4,26652E-1	2,36000E+5	-8,56641E+1	-8,65842E+1
2,37000E-1	-4,96239E-1	2,37000E+5	-8,17266E+1	-8,66408E+1
2,38000E-1	3,79455E-1	2,38000E+5	-8,56216E+1	-8,84294E+1
2,39000E-1	-1,15475E-1	2,39000E+5	-8,17447E+1	-9,02002E+1
2,40000E-1	-1,92648E-1	2,40000E+5	-8,60045E+1	-8,73310E+1
2,41000E-1	4,28566E-1	2,41000E+5	-7,97073E+1	-8,42349E+1
2,42000E-1	-4,97515E-1	2,42000E+5	-8,55227E+1	-8,46760E+1
2,43000E-1	3,79455E-1	2,43000E+5	-8,20303E+1	-8,87468E+1
2,44000E-1	-1,12286E-1	2,44000E+5	-8,43490E+1	-9,02654E+1
2,45000E-1	-1,92648E-1	2,45000E+5	-8,12280E+1	-8,87595E+1
2,46000E-1	4,26652E-1	2,46000E+5	-8,59194E+1	-8,89754E+1
2,47000E-1	-4,96877E-1	2,47000E+5	-8,08628E+1	-8,75999E+1
2,48000E-1	3,78818E-1	2,48000E+5	-8,10385E+1	-9,38835E+1
2,49000E-1	-1,14837E-1	2,49000E+5	-8,26079E+1	-9,49351E+1
2,50000E-1	-1,91372E-1	2,50000E+5	-8,05087E+1	-8,64872E+1
2,51000E-1	4,27928E-1	2,51000E+5	-8,12952E+1	-8,47607E+1
2,52000E-1	-4,98790E-1	2,52000E+5	-8,37690E+1	-8,76531E+1
2,53000E-1	3,78180E-1	2,53000E+5	-8,08428E+1	-8,69188E+1
2,54000E-1	-1,12286E-1	2,54000E+5	-7,94742E+1	-9,07410E+1
2,55000E-1	-1,93924E-1	2,55000E+5	-8,12897E+1	-9,01772E+1
2,56000E-1	4,27290E-1	2,56000E+5	-8,05968E+1	-9,16978E+1
2,57000E-1	-4,96239E-1	2,57000E+5	-8,16896E+1	-9,81588E+1
2,58000E-1	3,78180E-1	2,58000E+5	-8,32437E+1	-9,29984E+1
2,59000E-1	-1,14199E-1	2,59000E+5	-8,30829E+1	-8,37062E+1
2,60000E-1	-1,93924E-1	2,60000E+5	-8,35949E+1	-8,71567E+1
2,61000E-1	4,28566E-1	2,61000E+5	-7,99369E+1	-8,56742E+1
2,62000E-1	-4,97515E-1	2,62000E+5	-8,62668E+1	-8,40548E+1
2,63000E-1	3,77542E-1	2,63000E+5	-8,26237E+1	-9,32671E+1
2,64000E-1	-1,12923E-1	2,64000E+5	-7,92582E+1	-9,67100E+1
2,65000E-1	-1,92648E-1	2,65000E+5	-7,84219E+1	-8,37148E+1
2,66000E-1	4,26652E-1	2,66000E+5	-7,74902E+1	-7,65066E+1
2,67000E-1	-4,96877E-1	2,67000E+5	-8,00170E+1	-7,46584E+1
2,68000E-1	3,78818E-1	2,68000E+5	-7,70632E+1	-7,53977E+1
2,69000E-1	-1,13561E-1	2,69000E+5	-8,76529E+1	-7,45215E+1
2,70000E-1	-1,95837E-1	2,70000E+5	-7,52519E+1	-7,58835E+1
2,71000E-1	4,27928E-1	2,71000E+5	-8,19115E+1	-8,09367E+1
2,72000E-1	-4,96239E-1	2,72000E+5	-8,63060E+1	-8,33134E+1
2,73000E-1	3,76904E-1	2,73000E+5	-8,87164E+1	-8,21504E+1
2,74000E-1	-1,12286E-1	2,74000E+5	-8,05094E+1	-8,02478E+1
2,75000E-1	-1,92648E-1	2,75000E+5	-9,21665E+1	-7,84461E+1
2,76000E-1	4,27928E-1	2,76000E+5	-7,70621E+1	-8,32213E+1
2,77000E-1	-4,98790E-1	2,77000E+5	-7,56304E+1	-7,74327E+1
2,78000E-1	3,78180E-1	2,78000E+5	-8,25829E+1	-7,34866E+1
2,79000E-1	-1,12286E-1	2,79000E+5	-7,70797E+1	-8,19883E+1
2,80000E-1	-1,95837E-1	2,80000E+5	-7,51635E+1	-7,92086E+1
2,81000E-1	4,28566E-1	2,81000E+5	-8,63735E+1	-7,55171E+1
2,82000E-1	-4,95601E-1	2,82000E+5	-7,74304E+1	-7,84582E+1
2,83000E-1	3,78180E-1	2,83000E+5	-8,40722E+1	-8,33915E+1
2,84000E-1	-1,12286E-1	2,84000E+5	-7,96141E+1	-8,49991E+1
2,85000E-1	-1,93286E-1	2,85000E+5	-7,89780E+1	-7,85492E+1
2,86000E-1	4,29841E-1	2,86000E+5	-7,94324E+1	-7,98172E+1
2,87000E-1	-4,97515E-1	2,87000E+5	-7,89926E+1	-7,91459E+1
2,88000E-1	3,78818E-1	2,88000E+5	-8,05795E+1	-7,52953E+1
2,89000E-1	-1,10372E-1	2,89000E+5	-7,89690E+1	-7,76491E+1
2,90000E-1	-1,95837E-1	2,90000E+5	-7,22226E+1	-7,67688E+1
2,91000E-1	4,27290E-1	2,91000E+5	-7,75625E+1	-8,84394E+1
2,92000E-1	-4,96239E-1	2,92000E+5	-7,62723E+1	-7,64893E+1
2,93000E-1	3,76904E-1	2,93000E+5	-7,99089E+1	-7,83481E+1
2,94000E-1	-1,12286E-1	2,94000E+5	-8,22774E+1	-8,08005E+1
2,95000E-1	-1,95199E-1	2,95000E+5	-7,20543E+1	-7,59430E+1
2,96000E-1	4,29204E-1	2,96000E+5	-7,87074E+1	-8,06099E+1
2,97000E-1	-4,98153E-1	2,97000E+5	-7,54429E+1	-8,84589E+1
2,98000E-1	3,76267E-1	2,98000E+5	-7,31157E+1	-7,81579E+1
2,99000E-1	-1,09734E-1	2,99000E+5	-8,06851E+1	-8,27796E+1
3,00000E-1	-1,95837E-1	3,00000E+5	-8,81527E+1	-8,08560E+1
3,01000E-1	4,27928E-1	3,01000E+5	-7,66417E+1	-7,56448E+1
3,02000E-1	-4,96877E-1	3,02000E+5	-7,28901E+1	-7,63237E+1
3,03000E-1	3,76904E-1	3,03000E+5	-7,88045E+1	-8,27460E+1
3,04000E-1	-1,10372E-1	3,04000E+5	-8,27808E+1	-8,27318E+1
3,05000E-1	-1,97113E-1	3,05000E+5	-9,00147E+1	-9,14942E+1
3,06000E-1	4,28566E-1	3,06000E+5	-8,67540E+1	-8,50511E+1
3,07000E-1	-4,96877E-1	3,07000E+5	-7,84367E+1	-8,39401E+1
3,08000E-1	3,76267E-1	3,08000E+5	-7,78865E+1	-8,50153E+1
3,09000E-1	-1,10372E-1	3,09000E+5	-7,29710E+1	-8,11613E+1
3,10000E-1	-1,95199E-1	3,10000E+5	-7,60581E+1	-8,27091E+1
3,11000E-1	4,28566E-1	3,11000E+5	-8,11311E+1	-8,49571E+1
3,12000E-1	-4,98790E-1	3,12000E+5	-7,90608E+1	-8,59462E+1
3,13000E-1	3,76904E-1	3,13000E+5	-8,87605E+1	-8,70265E+1
3,14000E-1	-1,09097E-1	3,14000E+5	-8,53391E+1	-9,29940E+1
3,15000E-1	-1,97113E-1	3,15000E+5	-8,37140E+1	-8,32767E+1
3,16000E-1	4,28566E-1	3,16000E+5	-7,56401E+1	-8,21316E+1
3,17000E-1	-4,97515E-1	3,17000E+5	-7,66718E+1	-8,36189E+1
3,18000E-1	3,76904E-1	3,18000E+5	-7,21485E+1	-8,34381E+1
3,19000E-1	-1,08459E-1	3,19000E+5	-7,14025E+1	-7,85473E+1
3,20000E-1	-1,98388E-1	3,20000E+5	-7,96976E+1	-8,00495E+1
3,21000E-1	4,29841E-1	3,21000E+5	-7,74777E+1	-8,74742E+1
3,22000E-1	-4,96239E-1	3,22000E+5	-7,81340E+1	-8,75010E+1
3,23000E-1	3,74991E-1	3,23000E+5	-7,91431E+1	-9,70672E+1
3,24000E-1	-1,10372E-1	3,24000E+5	-7,80327E+1	-8,93052E+1
3,25000E-1	-1,96475E-1	3,25000E+5	-7,90835E+1	-8,74653E+1
3,26000E-1	4,30479E-1	3,26000E+5	-7,86920E+1	-9,38065E+1
3,27000E-1	-4,98153E-1	3,27000E+5	-7,60336E+1	-8,80094E+1
3,28000E-1	3,76267E-1	3,28000E+5	-7,56981E+1	-8,77849E+1
3,29000E-1	-1,09734E-1	3,29000E+5	-8,03611E+1	-8,94949E+1
3,30000E-1	-1,98388E-1	3,30000E+5	-8,58429E+1	-8,53276E+1
3,31000E-1	4,30479E-1	3,31000E+5	-8,11126E+1	-8,70069E+1
3,32000E-1	-4,94964E-1	3,32000E+5	-7,99933E+1	-8,84631E+1
3,33000E-1	3,75629E-1	3,33000E+5	-8,01092E+1	-9,45222E+1
3,34000E-1	-1,10372E-1	3,34000E+5	-7,82869E+1	-9,80137E+1
3,35000E-1	-1,97750E-1	3,35000E+5	-7,68298E+1	-9,17806E+1
3,36000E-1	4,30479E-1	3,36000E+5	-7,83722E+1	-8,77879E+1
3,37000E-1	-4,98153E-1	3,37000E+5	-7,82096E+1	-1,21570E+2
3,38000E-1	3,73715E-1	3,38000E+5	-7,68437E+1	-8,92738E+1
3,39000E-1	-1,07183E-1	3,39000E+5	-7,68419E+1	-9,07122E+1
3,40000E-1	-1,97750E-1	3,40000E+5	-7,67150E+1	-9,47777E+1
3,41000E-1	4,29204E-1	3,41000E+5	-7,69718E+1	-9,46411E+1
3,42000E-1	-4,96239E-1	3,42000E+5	-7,55893E+1	-8,64546E+1
3,43000E-1	3,76267E-1	3,43000E+5	-7,95727E+1	-8,65092E+1
3,44000E-1	-1,09097E-1	3,44000E+5	-7,87255E+1	-9,22533E+1
3,45000E-1	-1,99026E-1	3,45000E+5	-7,86589E+1	-9,46554E+1
3,46000E-1	4,29841E-1	3,46000E+5	-8,01164E+1	-8,59121E+1
3,47000E-1	-4,96239E-1	3,47000E+5	-7,46219E+1	-8,64220E+1
3,48000E-1	3,74991E-1	3,48000E+5	-7,49944E+1	-1,10433E+2
3,49000E-1	-1,08459E-1	3,49000E+5	-7,51060E+1	-9,82359E+1
3,50000E-1	-1,95837E-1	3,50000E+5	-7,63386E+1	-9,00083E+1
3,51000E-1	4,31755E-1	3,51000E+5	-7,45252E+1	-8,88075E+1
3,52000E-1	-4,96239E-1	3,52000E+5	-7,63871E+1	-8,99036E+1
3,53000E-1	3,74991E-1	3,53000E+5	-7,48518E+1	-8,96190E+1
3,54000E-1	-1,07183E-1	3,54000E+5	-7,46116E+1	-1,05374E+2
3,55000E-1	-1,98388E-1	3,55000E+5	-7,41000E+1	-9,00286E+1
3,56000E-1	4,29204E-1	3,56000E+5	-7,35432E+1	-9,21766E+1
3,57000E-1	-4,96877E-1	3,57000E+5	-7,46520E+1	-9,43442E+1
3,58000E-1	3,75629E-1	3,58000E+5	-7,47063E+1	-9,36416E+1
3,59000E-1	-1,09734E-1	3,59000E+5	-7,37712E+1	-1,02903E+2
3,60000E-1	-2,00302E-1	3,60000E+5	-7,33861E+1	-9,32924E+1
3,61000E-1	4,31117E-1	3,61000E+5	-7,40664E+1	-9,42315E+1
3,62000E-1	-4,96239E-1	3,62000E+5	-7,40220E+1	-8,99154E+1
3,63000E-1	3,73078E-1	3,63000E+5	-7,26561E+1	-8,78486E+1
3,64000E-1	-1,08459E-1	3,64000E+5	-7,38266E+1	-9,23331E+1
3,65000E-1	-1,97750E-1	3,65000E+5	-7,30695E+1	-1,04415E+2
3,66000E-1	4,31117E-1	3,66000E+5	-7,24892E+1	-9,29378E+1
3,67000E-1	-4,97515E-1	3,67000E+5	-7,36133E+1	-9,07301E+1
3,68000E-1	3,74353E-1	3,68000E+5	-7,30032E+1	-9,41944E+1
3,69000E-1	-1,05908E-1	3,69000E+5	-7,35816E+1	-9,19579E+1
3,70000E-1	-1,99026E-1	3,70000E+5	-7,23031E+1	-8,99299E+1
3,71000E-1	4,29841E-1	3,71000E+5	-7,20410E+1	-9,36467E+1
3,72000E-1	-4,95601E-1	3,72000E+5	-7,20562E+1	-9,30967E+1
3,73000E-1	3,73715E-1	3,73000E+5	-7,08900E+1	-9,14112E+1
3,74000E-1	-1,07183E-1	3,74000E+5	-7,06318E+1	-1,04933E+2
3,75000E-1	-1,99026E-1	3,75000E+5	-7,02228E+1	-1,01997E+2
3,76000E-1	4,31755E-1	3,76000E+5	-6,95912E+1	-1,05617E+2
3,77000E-1	-4,96877E-1	3,77000E+5	-6,92543E+1	-9,23361E+1
3,78000E-1	3,73715E-1	3,78000E+5	-7,01876E+1	-9,69754E+1
3,79000E-1	-1,05270E-1	3,79000E+5	-7,03807E+1	-8,87077E+1
3,80000E-1	-1,99664E-1	3,80000E+5	-6,86596E+1	-8,98122E+1
3,81000E-1	4,29841E-1	3,81000E+5	-6,86153E+1	-9,28906E+1
3,82000E-1	-4,96239E-1	3,82000E+5	-6,77308E+1	-8,92704E+1
3,83000E-1	3,74353E-1	3,83000E+5	-6,80229E+1	-8,69922E+1
3,84000E-1	-1,07183E-1	3,84000E+5	-6,71624E+1	-8,76219E+1
3,85000E-1	-1,99664E-1	3,85000E+5	-6,69087E+1	-8,91479E+1
3,86000E-1	4,31755E-1	3,86000E+5	-6,56757E+1	-9,23583E+1
3,87000E-1	-4,97515E-1	3,87000E+5	-6,53298E+1	-9,52791E+1
3,88000E-1	3,73715E-1	3,88000E+5	-6,44807E+1	-9,16955E+1
3,89000E-1	-1,04632E-1	3,89000E+5	-6,35288E+1	-8,61661E+1
3,90000E-1	-2,00302E-1	3,90000E+5	-6,32104E+1	-9,24024E+1
3,91000E-1	4,31117E-1	3,91000E+5	-6,24529E+1	-8,68231E+1
3,92000E-1	-4,94964E-1	3,92000E+5	-6,15645E+1	-8,56033E+1
3,93000E-1	3,73715E-1	3,93000E+5	-6,01196E+1	-9,02237E+1
3,94000E-1	-1,06545E-1	3,94000E+5	-5,89549E+1	-8,74367E+1
3,95000E-1	-2,00302E-1	3,95000E+5	-5,77551E+1	-8,05088E+1
3,96000E-1	4,32393E-1	3,96000E+5	-5,56506E+1	-7,93793E+1
3,97000E-1	-4,96239E-1	3,97000E+5	-5,30906E+1	-7,12740E+1
3,98000E-1	3,71164E-1	3,98000E+5	-4,95614E+1	-5,91447E+1
3,99000E-1	-1,04632E-1	3,99000E+5	-4,35554E+1	-1,48244E+1
4,00000E-1	-2,00302E-1	4,00000E+5	-9,04537E+0	-9,04215E+0
4,01000E-1	4,32393E-1	4,01000E+5	-4,39046E+1	-1,53059E+1
4,02000E-1	-4,96877E-1	4,02000E+5	-5,00532E+1	-5,91474E+1
4,03000E-1	3,73715E-1	4,03000E+5	-5,35031E+1	-7,20146E+1
4,04000E-1	-1,05908E-1	4,04000E+5	-5,60035E+1	-8,06223E+1
4,05000E-1	-2,02853E-1	4,05000E+5	-5,81168E+1	-8,31059E+1
4,06000E-1	4,31755E-1	4,06000E+5	-5,96729E+1	-8,86839E+1
4,07000E-1	-4,94964E-1	4,07000E+5	-6,08878E+1	-8,97012E+1
4,08000E-1	3,71802E-1	4,08000E+5	-6,23515E+1	-8,35145E+1
4,09000E-1	-1,05908E-1	4,09000E+5	-6,29872E+1	-8,64893E+1
4,10000E-1	-2,00302E-1	4,10000E+5	-6,45262E+1	-8,94744E+1
4,11000E-1	4,32393E-1	4,11000E+5	-6,52717E+1	-9,16436E+1
4,12000E-1	-4,97515E-1	4,12000E+5	-6,55291E+1	-9,50193E+1
4,13000E-1	3,71802E-1	4,13000E+5	-6,62111E+1	-9,90814E+1
4,14000E-1	-1,05270E-1	4,14000E+5	-6,72861E+1	-8,70828E+1
4,15000E-1	-2,01577E-1	4,15000E+5	-6,75180E+1	-8,47095E+1
4,16000E-1	4,31755E-1	4,16000E+5	-6,82665E+1	-8,53012E+1
4,17000E-1	-4,94964E-1	4,17000E+5	-7,07402E+1	-8,38672E+1
4,18000E-1	3,72440E-1	4,18000E+5	-6,98635E+1	-9,70190E+1
4,19000E-1	-1,03356E-1	4,19000E+5	-6,97610E+1	-8,73209E+1
4,20000E-1	-2,02853E-1	4,20000E+5	-7,07079E+1	-8,19843E+1
4,21000E-1	4,33668E-1	4,21000E+5	-7,20649E+1	-8,36392E+1
4,22000E-1	-4,96239E-1	4,22000E+5	-7,20742E+1	-9,33616E+1
4,23000E-1	3,71164E-1	4,23000E+5	-7,33114E+1	-8,98812E+1
4,24000E-1	-1,03994E-1	4,24000E+5	-7,23373E+1	-8,99657E+1
4,25000E-1	-2,01577E-1	4,25000E+5	-7,29255E+1	-9,31534E+1
4,26000E-1	4,34306E-1	4,26000E+5	-7,25090E+1	-8,64793E+1
4,27000E-1	-4,97515E-1	4,27000E+5	-7,36104E+1	-9,61125E+1
4,28000E-1	3,70526E-1	4,28000E+5	-7,32829E+1	-9,00189E+1
4,29000E-1	-1,02081E-1	4,29000E+5	-7,53229E+1	-8,84658E+1
4,30000E-1	-2,02853E-1	4,30000E+5	-7,39181E+1	-9,05990E+1
4,31000E-1	4,31755E-1	4,31000E+5	-7,52222E+1	-9,49254E+1
4,32000E-1	-4,96239E-1	4,32000E+5	-7,49824E+1	-9,28777E+1
4,33000E-1	3,72440E-1	4,33000E+5	-7,60849E+1	-8,70836E+1
4,34000E-1	-1,03356E-1	4,34000E+5	-7,48135E+1	-8,83639E+1
4,35000E-1	-2,02853E-1	4,35000E+5	-7,56972E+1	-9,94260E+1
4,36000E-1	4,34306E-1	4,36000E+5	-7,74013E+1	-9,24068E+1
4,37000E-1	-4,96239E-1	4,37000E+5	-7,63775E+1	-9,14634E+1
4,38000E-1	3,70526E-1	4,38000E+5	-7,85421E+1	-8,92391E+1
4,39000E-1	-1,03994E-1	4,39000E+5	-7,79609E+1	-8,91145E+1
4,40000E-1	-2,01577E-1	4,40000E+5	-7,96668E+1	-9,09343E+1
4,41000E-1	4,33030E-1	4,41000E+5	-7,97685E+1	-9,05563E+1
4,42000E-1	-4,97515E-1	4,42000E+5	-7,63198E+1	-8,57973E+1
4,43000E-1	3,70526E-1	4,43000E+5	-7,99324E+1	-8,99327E+1
4,44000E-1	-1,02081E-1	4,44000E+5	-7,89089E+1	-9,20098E+1
4,45000E-1	-2,02853E-1	4,45000E+5	-8,02801E+1	-9,42040E+1
4,46000E-1	4,31755E-1	4,46000E+5	-8,06353E+1	-9,61518E+1
4,47000E-1	-4,95601E-1	4,47000E+5	-7,95278E+1	-8,88229E+1
4,48000E-1	3,71164E-1	4,48000E+5	-8,38644E+1	-9,11381E+1
4,49000E-1	-1,02719E-1	4,49000E+5	-8,15813E+1	-9,19317E+1
4,50000E-1	-2,04766E-1	4,50000E+5	-8,10708E+1	-9,20642E+1
4,51000E-1	4,34306E-1	4,51000E+5	-8,10653E+1	-9,17583E+1
4,52000E-1	-4,94326E-1	4,52000E+5	-7,88429E+1	-9,15972E+1
4,53000E-1	3,70526E-1	4,53000E+5	-8,08302E+1	-9,68417E+1
4,54000E-1	-1,03356E-1	4,54000E+5	-8,52247E+1	-9,09158E+1
4,55000E-1	-2,02215E-1	4,55000E+5	-8,23804E+1	-9,72471E+1
4,56000E-1	4,33668E-1	4,56000E+5	-8,25901E+1	-1,02889E+2
4,57000E-1	-4,96877E-1	4,57000E+5	-8,14572E+1	-9,67407E+1
4,58000E-1	3,71164E-1	4,58000E+5	-8,11558E+1	-9,03360E+1
4,59000E-1	-1,00805E-1	4,59000E+5	-8,69128E+1	-9,46659E+1
4,60000E-1	-2,04128E-1	4,60000E+5	-8,74886E+1	-8,87105E+1
4,61000E-1	4,32393E-1	4,61000E+5	-8,39386E+1	-8,67364E+1
4,62000E-1	-4,96239E-1	4,62000E+5	-8,26426E+1	-8,71059E+1
4,63000E-1	3,70526E-1	4,63000E+5	-8,67268E+1	-9,05905E+1
4,64000E-1	-1,03356E-1	4,64000E+5	-8,47735E+1	-1,01062E+2
4,65000E-1	-2,04766E-1	4,65000E+5	-8,29038E+1	-9,24412E+1
4,66000E-1	4,34944E-1	4,66000E+5	-8,80368E+1	-8,91421E+1
4,67000E-1	-4,95601E-1	4,67000E+5	-8,41148E+1	-8,90977E+1
4,68000E-1	3,70526E-1	4,68000E+5	-8,73670E+1	-9,11030E+1
4,69000E-1	-1,00805E-1	4,69000E+5	-8,49257E+1	-9,24374E+1
4,70000E-1	-2,04128E-1	4,70000E+5	-8,96739E+1	-9,41201E+1
4,71000E-1	4,32393E-1	4,71000E+5	-8,64472E+1	-9,19245E+1
4,72000E-1	-4,96239E-1	4,72000E+5	-9,82230E+1	-8,79320E+1
4,73000E-1	3,71164E-1	4,73000E+5	-8,50050E+1	-8,85199E+1
4,74000E-1	-1,01443E-1	4,74000E+5	-9,03395E+1	-9,13593E+1
4,75000E-1	-2,06042E-1	4,75000E+5	-8,47267E+1	-9,46876E+1
4,76000E-1	4,34306E-1	4,76000E+5	-8,62118E+1	-1,00685E+2
4,77000E-1	-4,94964E-1	4,77000E+5	-8,57368E+1	-1,01037E+2
4,78000E-1	3,69889E-1	4,78000E+5	-8,76792E+1	-1,01817E+2
4,79000E-1	-1,02081E-1	4,79000E+5	-9,22999E+1	-9,26258E+1
4,80000E-1	-2,05404E-1	4,80000E+5	-8,56795E+1	-9,73357E+1
4,81000E-1	4,35582E-1	4,81000E+5	-8,51617E+1	-9,76484E+1
4,82000E-1	-4,95601E-1	4,82000E+5	-8,82893E+1	-9,59959E+1
4,83000E-1	3,69251E-1	4,83000E+5	-8,81741E+1	-8,92824E+1
4,84000E-1	-9,95297E-2	4,84000E+5	-8,75345E+1	-8,58397E+1
4,85000E-1	-2,04128E-1	4,85000E+5	-8,95877E+1	-9,06110E+1
4,86000E-1	4,34944E-1	4,86000E+5	-9,33760E+1	-9,72905E+1
4,87000E-1	-4,96877E-1	4,87000E+5	-8,99934E+1	-1,01416E+2
4,88000E-1	3,69889E-1	4,88000E+5	-8,56508E+1	-8,75915E+1
4,89000E-1	-9,95297E-2	4,89000E+5	-9,32208E+1	-8,80135E+1
4,90000E-1	-2,06042E-1	4,90000E+5	-1,04087E+2	-1,03086E+2
4,91000E-1	4,33668E-1	4,91000E+5	-9,32258E+1	-9,23202E+1
4,92000E-1	-4,96239E-1	4,92000E+5	-8,92385E+1	-9,81894E+1
4,93000E-1	3,70526E-1	4,93000E+5	-8,80682E+1	-9,29547E+1
4,94000E-1	-9,95297E-2	4,94000E+5	-1,13071E+2	-8,78454E+1
4,95000E-1	-2,06680E-1	4,95000E+5	-8,74697E+1	-8,84377E+1
4,96000E-1	4,34944E-1	4,96000E+5	-9,05755E+1	-8,67225E+1
4,97000E-1	-4,94964E-1	4,97000E+5	-8,65753E+1	-8,60020E+1
4,98000E-1	3,69251E-1	4,98000E+5	-9,90442E+1	-8,79017E+1
4,99000E-1	-1,00168E-1	4,99000E+5	-9,00687E+1	-8,78961E+1
5,00000E-1	-2,04766E-1	5,00000E+5	0,00000E+0	0,00000E+0
5,01000E-1	4,34944E-1	5,01000E+5	0,00000E+0	0,00000E+0
5,02000E-1	-4,95601E-1	5,02000E+5	0,00000E+0	0,00000E+0
5,03000E-1	3,70526E-1	5,03000E+5	0,00000E+0	0,00000E+0
5,04000E-1	-9,82541E-2	5,04000E+5	0,00000E+0	0,00000E+0
5,05000E-1	-2,07317E-1	5,05000E+5	0,00000E+0	0,00000E+0
5,06000E-1	4,34944E-1	5,06000E+5	0,00000E+0	0,00000E+0
5,07000E-1	-4,94326E-1	5,07000E+5	0,00000E+0	0,00000E+0
5,08000E-1	3,68613E-1	5,08000E+5	0,00000E+0	0,00000E+0
5,09000E-1	-1,00805E-1	5,09000E+5	0,00000E+0	0,00000E+0
5,10000E-1	-2,05404E-1	5,10000E+5	0,00000E+0	0,00000E+0
5,11000E-1	4,34306E-1	5,11000E+5	0,00000E+0	0,00000E+0
5,12000E-1	-4,95601E-1	5,12000E+5	0,00000E+0	0,00000E+0
5,13000E-1	3,67975E-1	5,13000E+5	0,00000E+0	0,00000E+0
5,14000E-1	-9,82541E-2	5,14000E+5	0,00000E+0	0,00000E+0
5,15000E-1	-2,06042E-1	5,15000E+5	0,00000E+0	0,00000E+0
5,16000E-1	4,33668E-1	5,16000E+5	0,00000E+0	0,00000E+0
5,17000E-1	-4,95601E-1	5,17000E+5	0,00000E+0	0,00000E+0
5,18000E-1	3,68613E-1	5,18000E+5	0,00000E+0	0,00000E+0
5,19000E-1	-9,82541E-2	5,19000E+5	0,00000E+0	0,00000E+0
5,20000E-1	-2,08593E-1	5,20000E+5	0,00000E+0	0,00000E+0
5,21000E-1	4,34944E-1	5,21000E+5	0,00000E+0	0,00000E+0
5,22000E-1	-4,96239E-1	5,22000E+5	0,00000E+0	0,00000E+0
5,23000E-1	3,66700E-1	5,23000E+5	0,00000E+0	0,00000E+0
5,24000E-1	-9,82541E-2	5,24000E+5	0,00000E+0	0,00000E+0
5,25000E-1	-2,06680E-1	5,25000E+5	0,00000E+0	0,00000E+0
5,26000E-1	4,35582E-1	5,26000E+5	0,00000E+0	0,00000E+0
5,27000E-1	-4,94964E-1	5,27000E+5	0,00000E+0	0,00000E+0
5,28000E-1	3,69251E-1	5,28000E+5	0,00000E+0	0,00000E+0
5,29000E-1	-9,82541E-2	5,29000E+5	0,00000E+0	0,00000E+0
5,30000E-1	-2,09869E-1	5,30000E+5	0,00000E+0	0,00000E+0
5,31000E-1	4,35582E-1	5,31000E+5	0,00000E+0	0,00000E+0
5,32000E-1	-4,94964E-1	5,32000E+5	0,00000E+0	0,00000E+0
5,33000E-1	3,66062E-1	5,33000E+5	0,00000E+0	0,00000E+0
5,34000E-1	-9,76163E-2	5,34000E+5	0,00000E+0	0,00000E+0
5,35000E-1	-2,07317E-1	5,35000E+5	0,00000E+0	0,00000E+0
5,36000E-1	4,36219E-1	5,36000E+5	0,00000E+0	0,00000E+0
5,37000E-1	-4,96877E-1	5,37000E+5	0,00000E+0	0,00000E+0
5,38000E-1	3,68613E-1	5,38000E+5	0,00000E+0	0,00000E+0
5,39000E-1	-9,76163E-2	5,39000E+5	0,00000E+0	0,00000E+0
5,40000E-1	-2,07955E-1	5,40000E+5	0,00000E+0	0,00000E+0
5,41000E-1	4,36857E-1	5,41000E+5	0,00000E+0	0,00000E+0
5,42000E-1	-4,95601E-1	5,42000E+5	0,00000E+0	0,00000E+0
5,43000E-1	3,66062E-1	5,43000E+5	0,00000E+0	0,00000E+0
5,44000E-1	-9,69785E-2	5,44000E+5	0,00000E+0	0,00000E+0
5,45000E-1	-2,07955E-1	5,45000E+5	0,00000E+0	0,00000E+0
5,46000E-1	4,36857E-1	5,46000E+5	0,00000E+0	0,00000E+0
5,47000E-1	-4,96877E-1	5,47000E+5	0,00000E+0	0,00000E+0
5,48000E-1	3,67337E-1	5,48000E+5	0,00000E+0	0,00000E+0
5,49000E-1	-9,63407E-2	5,49000E+5	0,00000E+0	0,00000E+0
5,50000E-1	-2,09231E-1	5,50000E+5	0,00000E+0	0,00000E+0
5,51000E-1	4,35582E-1	5,51000E+5	0,00000E+0	0,00000E+0
5,52000E-1	-4,94964E-1	5,52000E+5	0,00000E+0	0,00000E+0
5,53000E-1	3,66700E-1	5,53000E+5	0,00000E+0	0,00000E+0
5,54000E-1	-9,82541E-2	5,54000E+5	0,00000E+0	0,00000E+0
5,55000E-1	-2,09869E-1	5,55000E+5	0,00000E+0	0,00000E+0
5,56000E-1	4,37495E-1	5,56000E+5	0,00000E+0	0,00000E+0
5,57000E-1	-4,94964E-1	5,57000E+5	0,00000E+0	0,00000E+0
5,58000E-1	3,67337E-1	5,58000E+5	0,00000E+0	0,00000E+0
5,59000E-1	-9,57029E-2	5,59000E+5	0,00000E+0	0,00000E+0
5,60000E-1	-2,09231E-1	5,60000E+5	0,00000E+0	0,00000E+0
5,61000E-1	4,34306E-1	5,61000E+5	0,00000E+0	0,00000E+0
5,62000E-1	-4,94964E-1	5,62000E+5	0,00000E+0	0,00000E+0
5,63000E-1	3,67975E-1	5,63000E+5	0,00000E+0	0,00000E+0
5,64000E-1	-9,57029E-2	5,64000E+5	0,00000E+0	0,00000E+0
5,65000E-1	-2,11144E-1	5,65000E+5	0,00000E+0	0,00000E+0
5,66000E-1	4,36857E-1	5,66000E+5	0,00000E+0	0,00000E+0
5,67000E-1	-4,95601E-1	5,67000E+5	0,00000E+0	0,00000E+0
5,68000E-1	3,65424E-1	5,68000E+5	0,00000E+0	0,00000E+0
5,69000E-1	-9,57029E-2	5,69000E+5	0,00000E+0	0,00000E+0
5,70000E-1	-2,09231E-1	5,70000E+5	0,00000E+0	0,00000E+0
5,71000E-1	4,35582E-1	5,71000E+5	0,00000E+0	0,00000E+0
5,72000E-1	-4,94964E-1	5,72000E+5	0,00000E+0	0,00000E+0
5,73000E-1	3,66700E-1	5,73000E+5	0,00000E+0	0,00000E+0
5,74000E-1	-9,69785E-2	5,74000E+5	0,00000E+0	0,00000E+0
5,75000E-1	-2,10506E-1	5,75000E+5	0,00000E+0	0,00000E+0
5,76000E-1	4,37495E-1	5,76000E+5	0,00000E+0	0,00000E+0
5,77000E-1	-4,96239E-1	5,77000E+5	0,00000E+0	0,00000E+0
5,78000E-1	3,66062E-1	5,78000E+5	0,00000E+0	0,00000E+0
5,79000E-1	-9,44273E-2	5,79000E+5	0,00000E+0	0,00000E+0
5,80000E-1	-2,11144E-1	5,80000E+5	0,00000E+0	0,00000E+0
5,81000E-1	4,37495E-1	5,81000E+5	0,00000E+0	0,00000E+0
5,82000E-1	-4,94326E-1	5,82000E+5	0,00000E+0	0,00000E+0
5,83000E-1	3,65424E-1	5,83000E+5	0,00000E+0	0,00000E+0
5,84000E-1	-9,50651E-2	5,84000E+5	0,00000E+0	0,00000E+0
5,85000E-1	-2,09869E-1	5,85000E+5	0,00000E+0	0,00000E+0
5,86000E-1	4,36857E-1	5,86000E+5	0,00000E+0	0,00000E+0
5,87000E-1	-4,96877E-1	5,87000E+5	0,00000E+0	0,00000E+0
5,88000E-1	3,66062E-1	5,88000E+5	0,00000E+0	0,00000E+0
5,89000E-1	-9,44273E-2	5,89000E+5	0,00000E+0	0,00000E+0
5,90000E-1	-2,11782E-1	5,90000E+5	0,00000E+0	0,00000E+0
5,91000E-1	4,37495E-1	5,91000E+5	0,00000E+0	0,00000E+0
5,92000E-1	-4,94964E-1	5,92000E+5	0,00000E+0	0,00000E+0
5,93000E-1	3,64786E-1	5,93000E+5	0,00000E+0	0,00000E+0
5,94000E-1	-9,50651E-2	5,94000E+5	0,00000E+0	0,00000E+0
5,95000E-1	-2,10506E-1	5,95000E+5	0,00000E+0	0,00000E+0
5,96000E-1	4,37495E-1	5,96000E+5	0,00000E+0	0,00000E+0
5,97000E-1	-4,96239E-1	5,97000E+5	0,00000E+0	0,00000E+0
5,98000E-1	3,65424E-1	5,98000E+5	0,00000E+0	0,00000E+0
5,99000E-1	-9,44273E-2	5,99000E+5	0,00000E+0	0,00000E+0
6,00000E-1	-2,12420E-1	6,00000E+5	0,00000E+0	0,00000E+0
6,01000E-1	4,38133E-1	6,01000E+5	0,00000E+0	0,00000E+0
6,02000E-1	-4,94326E-1	6,02000E+5	0,00000E+0	0,00000E+0
6,03000E-1	3,64786E-1	6,03000E+5	0,00000E+0	0,00000E+0
6,04000E-1	-9,44273E-2	6,04000E+5	0,00000E+0	0,00000E+0
6,05000E-1	-2,10506E-1	6,05000E+5	0,00000E+0	0,00000E+0
6,06000E-1	4,38133E-1	6,06000E+5	0,00000E+0	0,00000E+0
6,07000E-1	-4,96239E-1	6,07000E+5	0,00000E+0	0,00000E+0
6,08000E-1	3,64786E-1	6,08000E+5	0,00000E+0	0,00000E+0
6,09000E-1	-9,25139E-2	6,09000E+5	0,00000E+0	0,00000E+0
6,10000E-1	-2,12420E-1	6,10000E+5	0,00000E+0	0,00000E+0
6,11000E-1	4,37495E-1	6,11000E+5	0,00000E+0	0,00000E+0
6,12000E-1	-4,94326E-1	6,12000E+5	0,00000E+0	0,00000E+0
6,13000E-1	3,65424E-1	6,13000E+5	0,00000E+0	0,00000E+0
6,14000E-1	-9,31517E-2	6,14000E+5	0,00000E+0	0,00000E+0
6,15000E-1	-2,13695E-1	6,15000E+5	0,00000E+0	0,00000E+0
6,16000E-1	4,39408E-1	6,16000E+5	0,00000E+0	0,00000E+0
6,17000E-1	-4,94964E-1	6,17000E+5	0,00000E+0	0,00000E+0
6,18000E-1	3,63511E-1	6,18000E+5	0,00000E+0	0,00000E+0
6,19000E-1	-9,37895E-2	6,19000E+5	0,00000E+0	0,00000E+0
6,20000E-1	-2,11144E-1	6,20000E+5	0,00000E+0	0,00000E+0
6,21000E-1	4,38133E-1	6,21000E+5	0,00000E+0	0,00000E+0
6,22000E-1	-4,96239E-1	6,22000E+5	0,00000E+0	0,00000E+0
6,23000E-1	3,64786E-1	6,23000E+5	0,00000E+0	0,00000E+0
6,24000E-1	-9,18761E-2	6,24000E+5	0,00000E+0	0,00000E+0
6,25000E-1	-2,13695E-1	6,25000E+5	0,00000E+0	0,00000E+0
6,26000E-1	4,38133E-1	6,26000E+5	0,00000E+0	0,00000E+0
6,27000E-1	-4,94326E-1	6,27000E+5	0,00000E+0	0,00000E+0
6,28000E-1	3,64786E-1	6,28000E+5	0,00000E+0	0,00000E+0
6,29000E-1	-9,37895E-2	6,29000E+5	0,00000E+0	0,00000E+0
6,30000E-1	-2,13057E-1	6,30000E+5	0,00000E+0	0,00000E+0
6,31000E-1	4,40046E-1	6,31000E+5	0,00000E+0	0,00000E+0
6,32000E-1	-4,94964E-1	6,32000E+5	0,00000E+0	0,00000E+0
6,33000E-1	3,63511E-1	6,33000E+5	0,00000E+0	0,00000E+0
6,34000E-1	-9,06006E-2	6,34000E+5	0,00000E+0	0,00000E+0
6,35000E-1	-2,13695E-1	6,35000E+5	0,00000E+0	0,00000E+0
6,36000E-1	4,36857E-1	6,36000E+5	0,00000E+0	0,00000E+0
6,37000E-1	-4,94964E-1	6,37000E+5	0,00000E+0	0,00000E+0
6,38000E-1	3,64786E-1	6,38000E+5	0,00000E+0	0,00000E+0
6,39000E-1	-9,18761E-2	6,39000E+5	0,00000E+0	0,00000E+0
6,40000E-1	-2,13057E-1	6,40000E+5	0,00000E+0	0,00000E+0
6,41000E-1	4,40046E-1	6,41000E+5	0,00000E+0	0,00000E+0
6,42000E-1	-4,94964E-1	6,42000E+5	0,00000E+0	0,00000E+0
6,43000E-1	3,63511E-1	6,43000E+5	0,00000E+0	0,00000E+0
6,44000E-1	-9,06006E-2	6,44000E+5	0,00000E+0	0,00000E+0
6,45000E-1	-2,13057E-1	6,45000E+5	0,00000E+0	0,00000E+0
6,46000E-1	4,37495E-1	6,46000E+5	0,00000E+0	0,00000E+0
6,47000E-1	-4,94964E-1	6,47000E+5	0,00000E+0	0,00000E+0
6,48000E-1	3,63511E-1	6,48000E+5	0,00000E+0	0,00000E+0
6,49000E-1	-9,25139E-2	6,49000E+5	0,00000E+0	0,00000E+0
6,50000E-1	-2,14333E-1	6,50000E+5	0,00000E+0	0,00000E+0
6,51000E-1	4,40684E-1	6,51000E+5	0,00000E+0	0,00000E+0
6,52000E-1	-4,94326E-1	6,52000E+5	0,00000E+0	0,00000E+0
6,53000E-1	3,60959E-1	6,53000E+5	0,00000E+0	0,00000E+0
6,54000E-1	-8,99628E-2	6,54000E+5	0,00000E+0	0,00000E+0
6,55000E-1	-2,14333E-1	6,55000E+5	0,00000E+0	0,00000E+0
6,56000E-1	4,38133E-1	6,56000E+5	0,00000E+0	0,00000E+0
6,57000E-1	-4,94326E-1	6,57000E+5	0,00000E+0	0,00000E+0
6,58000E-1	3,62873E-1	6,58000E+5	0,00000E+0	0,00000E+0
6,59000E-1	-9,12384E-2	6,59000E+5	0,00000E+0	0,00000E+0
6,60000E-1	-2,14971E-1	6,60000E+5	0,00000E+0	0,00000E+0
6,61000E-1	4,40046E-1	6,61000E+5	0,00000E+0	0,00000E+0
6,62000E-1	-4,96239E-1	6,62000E+5	0,00000E+0	0,00000E+0
6,63000E-1	3,62235E-1	6,63000E+5	0,00000E+0	0,00000E+0
6,64000E-1	-8,86872E-2	6,64000E+5	0,00000E+0	0,00000E+0
6,65000E-1	-2,16246E-1	6,65000E+5	0,00000E+0	0,00000E+0
6,66000E-1	4,39408E-1	6,66000E+5	0,00000E+0	0,00000E+0
6,67000E-1	-4,93688E-1	6,67000E+5	0,00000E+0	0,00000E+0
6,68000E-1	3,62235E-1	6,68000E+5	0,00000E+0	0,00000E+0
6,69000E-1	-9,06006E-2	6,69000E+5	0,00000E+0	0,00000E+0
6,70000E-1	-2,14971E-1	6,70000E+5	0,00000E+0	0,00000E+0
6,71000E-1	4,41960E-1	6,71000E+5	0,00000E+0	0,00000E+0
6,72000E-1	-4,94964E-1	6,72000E+5	0,00000E+0	0,00000E+0
6,73000E-1	3,61597E-1	6,73000E+5	0,00000E+0	0,00000E+0
6,74000E-1	-8,86872E-2	6,74000E+5	0,00000E+0	0,00000E+0
6,75000E-1	-2,16246E-1	6,75000E+5	0,00000E+0	0,00000E+0
6,76000E-1	4,39408E-1	6,76000E+5	0,00000E+0	0,00000E+0
6,77000E-1	-4,94964E-1	6,77000E+5	0,00000E+0	0,00000E+0
6,78000E-1	3,62873E-1	6,78000E+5	0,00000E+0	0,00000E+0
6,79000E-1	-8,93250E-2	6,79000E+5	0,00000E+0	0,00000E+0
6,80000E-1	-2,16246E-1	6,80000E+5	0,00000E+0	0,00000E+0
6,81000E-1	4,41322E-1	6,81000E+5	0,00000E+0	0,00000E+0
6,82000E-1	-4,94326E-1	6,82000E+5	0,00000E+0	0,00000E+0
6,83000E-1	3,59684E-1	6,83000E+5	0,00000E+0	0,00000E+0
6,84000E-1	-8,93250E-2	6,84000E+5	0,00000E+0	0,00000E+0
6,85000E-1	-2,14333E-1	6,85000E+5	0,00000E+0	0,00000E+0
6,86000E-1	4,40684E-1	6,86000E+5	0,00000E+0	0,00000E+0
6,87000E-1	-4,96239E-1	6,87000E+5	0,00000E+0	0,00000E+0
6,88000E-1	3,62873E-1	6,88000E+5	0,00000E+0	0,00000E+0
6,89000E-1	-8,80494E-2	6,89000E+5	0,00000E+0	0,00000E+0
6,90000E-1	-2,16884E-1	6,90000E+5	0,00000E+0	0,00000E+0
6,91000E-1	4,41322E-1	6,91000E+5	0,00000E+0	0,00000E+0
6,92000E-1	-4,93050E-1	6,92000E+5	0,00000E+0	0,00000E+0
6,93000E-1	3,60959E-1	6,93000E+5	0,00000E+0	0,00000E+0
6,94000E-1	-8,86872E-2	6,94000E+5	0,00000E+0	0,00000E+0
6,95000E-1	-2,14971E-1	6,95000E+5	0,00000E+0	0,00000E+0
6,96000E-1	4,40684E-1	6,96000E+5	0,00000E+0	0,00000E+0
6,97000E-1	-4,94326E-1	6,97000E+5	0,00000E+0	0,00000E+0
6,98000E-1	3,61597E-1	6,98000E+5	0,00000E+0	0,00000E+0
6,99000E-1	-8,80494E-2	6,99000E+5	0,00000E+0	0,00000E+0
7,00000E-1	-2,16246E-1	7,00000E+5	0,00000E+0	0,00000E+0
7,01000E-1	4,41322E-1	7,01000E+5	0,00000E+0	0,00000E+0
7,02000E-1	-4,94326E-1	7,02000E+5	0,00000E+0	0,00000E+0
7,03000E-1	3,59684E-1	7,03000E+5	0,00000E+0	0,00000E+0
7,04000E-1	-8,74116E-2	7,04000E+5	0,00000E+0	0,00000E+0
7,05000E-1	-2,16884E-1	7,05000E+5	0,00000E+0	0,00000E+0
7,06000E-1	4,39408E-1	7,06000E+5	0,00000E+0	0,00000E+0
7,07000E-1	-4,94326E-1	7,07000E+5	0,00000E+0	0,00000E+0
7,08000E-1	3,60959E-1	7,08000E+5	0,00000E+0	0,00000E+0
7,09000E-1	-8,93250E-2	7,09000E+5	0,00000E+0	0,00000E+0
7,10000E-1	-2,16884E-1	7,10000E+5	0,00000E+0	0,00000E+0
7,11000E-1	4,40684E-1	7,11000E+5	0,00000E+0	0,00000E+0
7,12000E-1	-4,93688E-1	7,12000E+5	0,00000E+0	0,00000E+0
7,13000E-1	3,60959E-1	7,13000E+5	0,00000E+0	0,00000E+0
7,14000E-1	-8,67738E-2	7,14000E+5	0,00000E+0	0,00000E+0
7,15000E-1	-2,16246E-1	7,15000E+5	0,00000E+0	0,00000E+0
7,16000E-1	4,40046E-1	7,16000E+5	0,00000E+0	0,00000E+0
7,17000E-1	-4,94326E-1	7,17000E+5	0,00000E+0	0,00000E+0
7,18000E-1	3,60959E-1	7,18000E+5	0,00000E+0	0,00000E+0
7,19000E-1	-8,80494E-2	7,19000E+5	0,00000E+0	0,00000E+0
7,20000E-1	-2,17522E-1	7,20000E+5	0,00000E+0	0,00000E+0
7,21000E-1	4,42597E-1	7,21000E+5	0,00000E+0	0,00000E+0
7,22000E-1	-4,93688E-1	7,22000E+5	0,00000E+0	0,00000E+0
7,23000E-1	3,59046E-1	7,23000E+5	0,00000E+0	0,00000E+0
7,24000E-1	-8,61360E-2	7,24000E+5	0,00000E+0	0,00000E+0
7,25000E-1	-2,18160E-1	7,25000E+5	0,00000E+0	0,00000E+0
7,26000E-1	4,40046E-1	7,26000E+5	0,00000E+0	0,00000E+0
7,27000E-1	-4,94326E-1	7,27000E+5	0,00000E+0	0,00000E+0
7,28000E-1	3,60959E-1	7,28000E+5	0,00000E+0	0,00000E+0
7,29000E-1	-8,67738E-2	7,29000E+5	0,00000E+0	0,00000E+0
7,30000E-1	-2,18798E-1	7,30000E+5	0,00000E+0	0,00000E+0
7,31000E-1	4,42597E-1	7,31000E+5	0,00000E+0	0,00000E+0
7,32000E-1	-4,94964E-1	7,32000E+5	0,00000E+0	0,00000E+0
7,33000E-1	3,58408E-1	7,33000E+5	0,00000E+0	0,00000E+0
7,34000E-1	-8,61360E-2	7,34000E+5	0,00000E+0	0,00000E+0
7,35000E-1	-2,18160E-1	7,35000E+5	0,00000E+0	0,00000E+0
7,36000E-1	4,40684E-1	7,36000E+5	0,00000E+0	0,00000E+0
7,37000E-1	-4,94964E-1	7,37000E+5	0,00000E+0	0,00000E+0
7,38000E-1	3,61597E-1	7,38000E+5	0,00000E+0	0,00000E+0
7,39000E-1	-8,61360E-2	7,39000E+5	0,00000E+0	0,00000E+0
7,40000E-1	-2,18160E-1	7,40000E+5	0,00000E+0	0,00000E+0
7,41000E-1	4,42597E-1	7,41000E+5	0,00000E+0	0,00000E+0
7,42000E-1	-4,95601E-1	7,42000E+5	0,00000E+0	0,00000E+0
7,43000E-1	3,60322E-1	7,43000E+5	0,00000E+0	0,00000E+0
7,44000E-1	-8,54982E-2	7,44000E+5	0,00000E+0	0,00000E+0
7,45000E-1	-2,19435E-1	7,45000E+5	0,00000E+0	0,00000E+0
7,46000E-1	4,40046E-1	7,46000E+5	0,00000E+0	0,00000E+0
7,47000E-1	-4,94326E-1	7,47000E+5	0,00000E+0	0,00000E+0
7,48000E-1	3,60322E-1	7,48000E+5	0,00000E+0	0,00000E+0
7,49000E-1	-8,61360E-2	7,49000E+5	0,00000E+0	0,00000E+0
7,50000E-1	-2,18798E-1	7,50000E+5	0,00000E+0	0,00000E+0
7,51000E-1	4,41960E-1	7,51000E+5	0,00000E+0	0,00000E+0
7,52000E-1	-4,95601E-1	7,52000E+5	0,00000E+0	0,00000E+0
7,53000E-1	3,59684E-1	7,53000E+5	0,00000E+0	0,00000E+0
7,54000E-1	-8,48604E-2	7,54000E+5	0,00000E+0	0,00000E+0
7,55000E-1	-2,18798E-1	7,55000E+5	0,00000E+0	0,00000E+0
7,56000E-1	4,40684E-1	7,56000E+5	0,00000E+0	0,00000E+0
7,57000E-1	-4,94326E-1	7,57000E+5	0,00000E+0	0,00000E+0
7,58000E-1	3,59046E-1	7,58000E+5	0,00000E+0	0,00000E+0
7,59000E-1	-8,61360E-2	7,59000E+5	0,00000E+0	0,00000E+0
7,60000E-1	-2,19435E-1	7,60000E+5	0,00000E+0	0,00000E+0
7,61000E-1	4,43235E-1	7,61000E+5	0,00000E+0	0,00000E+0
7,62000E-1	-4,95601E-1	7,62000E+5	0,00000E+0	0,00000E+0
7,63000E-1	3,58408E-1	7,63000E+5	0,00000E+0	0,00000E+0
7,64000E-1	-8,42226E-2	7,64000E+5	0,00000E+0	0,00000E+0
7,65000E-1	-2,20711E-1	7,65000E+5	0,00000E+0	0,00000E+0
7,66000E-1	4,41960E-1	7,66000E+5	0,00000E+0	0,00000E+0
7,67000E-1	-4,93688E-1	7,67000E+5	0,00000E+0	0,00000E+0
7,68000E-1	3,58408E-1	7,68000E+5	0,00000E+0	0,00000E+0
7,69000E-1	-8,54982E-2	7,69000E+5	0,00000E+0	0,00000E+0
7,70000E-1	-2,20711E-1	7,70000E+5	0,00000E+0	0,00000E+0
7,71000E-1	4,44511E-1	7,71000E+5	0,00000E+0	0,00000E+0
7,72000E-1	-4,93688E-1	7,72000E+5	0,00000E+0	0,00000E+0
7,73000E-1	3,58408E-1	7,73000E+5	0,00000E+0	0,00000E+0
7,74000E-1	-8,29470E-2	7,74000E+5	0,00000E+0	0,00000E+0
7,75000E-1	-2,21349E-1	7,75000E+5	0,00000E+0	0,00000E+0
7,76000E-1	4,41960E-1	7,76000E+5	0,00000E+0	0,00000E+0
7,77000E-1	-4,93688E-1	7,77000E+5	0,00000E+0	0,00000E+0
7,78000E-1	3,57770E-1	7,78000E+5	0,00000E+0	0,00000E+0
7,79000E-1	-8,42226E-2	7,79000E+5	0,00000E+0	0,00000E+0
7,80000E-1	-2,20711E-1	7,80000E+5	0,00000E+0	0,00000E+0
7,81000E-1	4,43235E-1	7,81000E+5	0,00000E+0	0,00000E+0
7,82000E-1	-4,94326E-1	7,82000E+5	0,00000E+0	0,00000E+0
7,83000E-1	3,58408E-1	7,83000E+5	0,00000E+0	0,00000E+0
7,84000E-1	-8,29470E-2	7,84000E+5	0,00000E+0	0,00000E+0
7,85000E-1	-2,20711E-1	7,85000E+5	0,00000E+0	0,00000E+0
7,86000E-1	4,44511E-1	7,86000E+5	0,00000E+0	0,00000E+0
7,87000E-1	-4,94964E-1	7,87000E+5	0,00000E+0	0,00000E+0
7,88000E-1	3,57770E-1	7,88000E+5	0,00000E+0	0,00000E+0
7,89000E-1	-8,23092E-2	7,89000E+5	0,00000E+0	0,00000E+0
7,90000E-1	-2,21987E-1	7,90000E+5	0,00000E+0	0,00000E+0
7,91000E-1	4,43235E-1	7,91000E+5	0,00000E+0	0,00000E+0
7,92000E-1	-4,92412E-1	7,92000E+5	0,00000E+0	0,00000E+0
7,93000E-1	3,57770E-1	7,93000E+5	0,00000E+0	0,00000E+0
7,94000E-1	-8,29470E-2	7,94000E+5	0,00000E+0	0,00000E+0
7,95000E-1	-2,20711E-1	7,95000E+5	0,00000E+0	0,00000E+0
7,96000E-1	4,43873E-1	7,96000E+5	0,00000E+0	0,00000E+0
7,97000E-1	-4,93688E-1	7,97000E+5	0,00000E+0	0,00000E+0
7,98000E-1	3,58408E-1	7,98000E+5	0,00000E+0	0,00000E+0
7,99000E-1	-8,29470E-2	7,99000E+5	0,00000E+0	0,00000E+0
8,00000E-1	-2,20711E-1	8,00000E+5	0,00000E+0	0,00000E+0
8,01000E-1	4,44511E-1	8,01000E+5	0,00000E+0	0,00000E+0
8,02000E-1	-4,93688E-1	8,02000E+5	0,00000E+0	0,00000E+0
8,03000E-1	3,55857E-1	8,03000E+5	0,00000E+0	0,00000E+0
8,04000E-1	-8,10336E-2	8,04000E+5	0,00000E+0	0,00000E+0
8,05000E-1	-2,21987E-1	8,05000E+5	0,00000E+0	0,00000E+0
8,06000E-1	4,42597E-1	8,06000E+5	0,00000E+0	0,00000E+0
8,07000E-1	-4,93688E-1	8,07000E+5	0,00000E+0	0,00000E+0
8,08000E-1	3,57770E-1	8,08000E+5	0,00000E+0	0,00000E+0
8,09000E-1	-8,35848E-2	8,09000E+5	0,00000E+0	0,00000E+0
8,10000E-1	-2,23262E-1	8,10000E+5	0,00000E+0	0,00000E+0
8,11000E-1	4,43873E-1	8,11000E+5	0,00000E+0	0,00000E+0
8,12000E-1	-4,94326E-1	8,12000E+5	0,00000E+0	0,00000E+0
8,13000E-1	3,55857E-1	8,13000E+5	0,00000E+0	0,00000E+0
8,14000E-1	-7,91202E-2	8,14000E+5	0,00000E+0	0,00000E+0
8,15000E-1	-2,22624E-1	8,15000E+5	0,00000E+0	0,00000E+0
8,16000E-1	4,43235E-1	8,16000E+5	0,00000E+0	0,00000E+0
8,17000E-1	-4,93688E-1	8,17000E+5	0,00000E+0	0,00000E+0
8,18000E-1	3,55857E-1	8,18000E+5	0,00000E+0	0,00000E+0
8,19000E-1	-8,23092E-2	8,19000E+5	0,00000E+0	0,00000E+0
8,20000E-1	-2,23262E-1	8,20000E+5	0,00000E+0	0,00000E+0
8,21000E-1	4,42597E-1	8,21000E+5	0,00000E+0	0,00000E+0
8,22000E-1	-4,95601E-1	8,22000E+5	0,00000E+0	0,00000E+0
8,23000E-1	3,55857E-1	8,23000E+5	0,00000E+0	0,00000E+0
8,24000E-1	-7,91202E-2	8,24000E+5	0,00000E+0	0,00000E+0
8,25000E-1	-2,23900E-1	8,25000E+5	0,00000E+0	0,00000E+0
8,26000E-1	4,43235E-1	8,26000E+5	0,00000E+0	0,00000E+0
8,27000E-1	-4,93050E-1	8,27000E+5	0,00000E+0	0,00000E+0
8,28000E-1	3,55219E-1	8,28000E+5	0,00000E+0	0,00000E+0
8,29000E-1	-8,16714E-2	8,29000E+5	0,00000E+0	0,00000E+0
8,30000E-1	-2,22624E-1	8,30000E+5	0,00000E+0	0,00000E+0
8,31000E-1	4,43235E-1	8,31000E+5	0,00000E+0	0,00000E+0
8,32000E-1	-4,94326E-1	8,32000E+5	0,00000E+0	0,00000E+0
8,33000E-1	3,55219E-1	8,33000E+5	0,00000E+0	0,00000E+0
8,34000E-1	-8,03958E-2	8,34000E+5	0,00000E+0	0,00000E+0
8,35000E-1	-2,24538E-1	8,35000E+5	0,00000E+0	0,00000E+0
8,36000E-1	4,43873E-1	8,36000E+5	0,00000E+0	0,00000E+0
8,37000E-1	-4,91775E-1	8,37000E+5	0,00000E+0	0,00000E+0
8,38000E-1	3,55219E-1	8,38000E+5	0,00000E+0	0,00000E+0
8,39000E-1	-8,16714E-2	8,39000E+5	0,00000E+0	0,00000E+0
8,40000E-1	-2,23900E-1	8,40000E+5	0,00000E+0	0,00000E+0
8,41000E-1	4,45149E-1	8,41000E+5	0,00000E+0	0,00000E+0
8,42000E-1	-4,94326E-1	8,42000E+5	0,00000E+0	0,00000E+0
8,43000E-1	3,55219E-1	8,43000E+5	0,00000E+0	0,00000E+0
8,44000E-1	-7,91202E-2	8,44000E+5	0,00000E+0	0,00000E+0
8,45000E-1	-2,24538E-1	8,45000E+5	0,00000E+0	0,00000E+0
8,46000E-1	4,43235E-1	8,46000E+5	0,00000E+0	0,00000E+0
8,47000E-1	-4,92412E-1	8,47000E+5	0,00000E+0	0,00000E+0
8,48000E-1	3,55219E-1	8,48000E+5	0,00000E+0	0,00000E+0
8,49000E-1	-8,10336E-2	8,49000E+5	0,00000E+0	0,00000E+0
8,50000E-1	-2,24538E-1	8,50000E+5	0,00000E+0	0,00000E+0
8,51000E-1	4,46424E-1	8,51000E+5	0,00000E+0	0,00000E+0
8,52000E-1	-4,92412E-1	8,52000E+5	0,00000E+0	0,00000E+0
8,53000E-1	3,55219E-1	8,53000E+5	0,00000E+0	0,00000E+0
8,54000E-1	-7,97580E-2	8,54000E+5	0,00000E+0	0,00000E+0
8,55000E-1	-2,25176E-1	8,55000E+5	0,00000E+0	0,00000E+0
8,56000E-1	4,43873E-1	8,56000E+5	0,00000E+0	0,00000E+0
8,57000E-1	-4,93050E-1	8,57000E+5	0,00000E+0	0,00000E+0
8,58000E-1	3,55219E-1	8,58000E+5	0,00000E+0	0,00000E+0
8,59000E-1	-8,10336E-2	8,59000E+5	0,00000E+0	0,00000E+0
8,60000E-1	-2,25176E-1	8,60000E+5	0,00000E+0	0,00000E+0
8,61000E-1	4,45149E-1	8,61000E+5	0,00000E+0	0,00000E+0
8,62000E-1	-4,93688E-1	8,62000E+5	0,00000E+0	0,00000E+0
8,63000E-1	3,54581E-1	8,63000E+5	0,00000E+0	0,00000E+0
8,64000E-1	-7,78446E-2	8,64000E+5	0,00000E+0	0,00000E+0
8,65000E-1	-2,25176E-1	8,65000E+5	0,00000E+0	0,00000E+0
8,66000E-1	4,44511E-1	8,66000E+5	0,00000E+0	0,00000E+0
8,67000E-1	-4,91775E-1	8,67000E+5	0,00000E+0	0,00000E+0
8,68000E-1	3,54581E-1	8,68000E+5	0,00000E+0	0,00000E+0
8,69000E-1	-7,97580E-2	8,69000E+5	0,00000E+0	0,00000E+0
8,70000E-1	-2,24538E-1	8,70000E+5	0,00000E+0	0,00000E+0
8,71000E-1	4,44511E-1	8,71000E+5	0,00000E+0	0,00000E+0
8,72000E-1	-4,94326E-1	8,72000E+5	0,00000E+0	0,00000E+0
8,73000E-1	3,53944E-1	8,73000E+5	0,00000E+0	0,00000E+0
8,74000E-1	-7,78446E-2	8,74000E+5	0,00000E+0	0,00000E+0
8,75000E-1	-2,27089E-1	8,75000E+5	0,00000E+0	0,00000E+0
8,76000E-1	4,46424E-1	8,76000E+5	0,00000E+0	0,00000E+0
8,77000E-1	-4,91775E-1	8,77000E+5	0,00000E+0	0,00000E+0
8,78000E-1	3,53306E-1	8,78000E+5	0,00000E+0	0,00000E+0
8,79000E-1	-7,78446E-2	8,79000E+5	0,00000E+0	0,00000E+0
8,80000E-1	-2,25813E-1	8,80000E+5	0,00000E+0	0,00000E+0
8,81000E-1	4,43235E-1	8,81000E+5	0,00000E+0	0,00000E+0
8,82000E-1	-4,93050E-1	8,82000E+5	0,00000E+0	0,00000E+0
8,83000E-1	3,54581E-1	8,83000E+5	0,00000E+0	0,00000E+0
8,84000E-1	-7,78446E-2	8,84000E+5	0,00000E+0	0,00000E+0
8,85000E-1	-2,27727E-1	8,85000E+5	0,00000E+0	0,00000E+0
8,86000E-1	4,45786E-1	8,86000E+5	0,00000E+0	0,00000E+0
8,87000E-1	-4,92412E-1	8,87000E+5	0,00000E+0	0,00000E+0
8,88000E-1	3,52668E-1	8,88000E+5	0,00000E+0	0,00000E+0
8,89000E-1	-7,78446E-2	8,89000E+5	0,00000E+0	0,00000E+0
8,90000E-1	-2,25813E-1	8,90000E+5	0,00000E+0	0,00000E+0
8,91000E-1	4,44511E-1	8,91000E+5	0,00000E+0	0,00000E+0
8,92000E-1	-4,92412E-1	8,92000E+5	0,00000E+0	0,00000E+0
8,93000E-1	3,53944E-1	8,93000E+5	0,00000E+0	0,00000E+0
8,94000E-1	-7,91202E-2	8,94000E+5	0,00000E+0	0,00000E+0
8,95000E-1	-2,27089E-1	8,95000E+5	0,00000E+0	0,00000E+0
8,96000E-1	4,46424E-1	8,96000E+5	0,00000E+0	0,00000E+0
8,97000E-1	-4,93688E-1	8,97000E+5	0,00000E+0	0,00000E+0
8,98000E-1	3,53306E-1	8,98000E+5	0,00000E+0	0,00000E+0
8,99000E-1	-7,52934E-2	8,99000E+5	0,00000E+0	0,00000E+0
9,00000E-1	-2,29002E-1	9,00000E+5	0,00000E+0	0,00000E+0
9,01000E-1	4,45786E-1	9,01000E+5	0,00000E+0	0,00000E+0
9,02000E-1	-4,90499E-1	9,02000E+5	0,00000E+0	0,00000E+0
9,03000E-1	3,52030E-1	9,03000E+5	0,00000E+0	0,00000E+0
9,04000E-1	-7,65690E-2	9,04000E+5	0,00000E+0	0,00000E+0
9,05000E-1	-2,25813E-1	9,05000E+5	0,00000E+0	0,00000E+0
9,06000E-1	4,45786E-1	9,06000E+5	0,00000E+0	0,00000E+0
9,07000E-1	-4,93688E-1	9,07000E+5	0,00000E+0	0,00000E+0
9,08000E-1	3,54581E-1	9,08000E+5	0,00000E+0	0,00000E+0
9,09000E-1	-7,65690E-2	9,09000E+5	0,00000E+0	0,00000E+0
9,10000E-1	-2,28365E-1	9,10000E+5	0,00000E+0	0,00000E+0
9,11000E-1	4,45786E-1	9,11000E+5	0,00000E+0	0,00000E+0
9,12000E-1	-4,92412E-1	9,12000E+5	0,00000E+0	0,00000E+0
9,13000E-1	3,50755E-1	9,13000E+5	0,00000E+0	0,00000E+0
9,14000E-1	-7,52934E-2	9,14000E+5	0,00000E+0	0,00000E+0
9,15000E-1	-2,29002E-1	9,15000E+5	0,00000E+0	0,00000E+0
9,16000E-1	4,46424E-1	9,16000E+5	0,00000E+0	0,00000E+0
9,17000E-1	-4,91775E-1	9,17000E+5	0,00000E+0	0,00000E+0
9,18000E-1	3,52668E-1	9,18000E+5	0,00000E+0	0,00000E+0
9,19000E-1	-7,52934E-2	9,19000E+5	0,00000E+0	0,00000E+0
9,20000E-1	-2,27727E-1	9,20000E+5	0,00000E+0	0,00000E+0
9,21000E-1	4,45786E-1	9,21000E+5	0,00000E+0	0,00000E+0
9,22000E-1	-4,92412E-1	9,22000E+5	0,00000E+0	0,00000E+0
9,23000E-1	3,52668E-1	9,23000E+5	0,00000E+0	0,00000E+0
9,24000E-1	-7,52934E-2	9,24000E+5	0,00000E+0	0,00000E+0
9,25000E-1	-2,27089E-1	9,25000E+5	0,00000E+0	0,00000E+0
9,26000E-1	4,46424E-1	9,26000E+5	0,00000E+0	0,00000E+0
9,27000E-1	-4,94326E-1	9,27000E+5	0,00000E+0	0,00000E+0
9,28000E-1	3,52668E-1	9,28000E+5	0,00000E+0	0,00000E+0
9,29000E-1	-7,59312E-2	9,29000E+5	0,00000E+0	0,00000E+0
9,30000E-1	-2,30278E-1	9,30000E+5	0,00000E+0	0,00000E+0
9,31000E-1	4,47062E-1	9,31000E+5	0,00000E+0	0,00000E+0
9,32000E-1	-4,91137E-1	9,32000E+5	0,00000E+0	0,00000E+0
9,33000E-1	3,52030E-1	9,33000E+5	0,00000E+0	0,00000E+0
9,34000E-1	-7,59312E-2	9,34000E+5	0,00000E+0	0,00000E+0
9,35000E-1	-2,29002E-1	9,35000E+5	0,00000E+0	0,00000E+0
9,36000E-1	4,46424E-1	9,36000E+5	0,00000E+0	0,00000E+0
9,37000E-1	-4,93688E-1	9,37000E+5	0,00000E+0	0,00000E+0
9,38000E-1	3,52030E-1	9,38000E+5	0,00000E+0	0,00000E+0
9,39000E-1	-7,59312E-2	9,39000E+5	0,00000E+0	0,00000E+0
9,40000E-1	-2,29640E-1	9,40000E+5	0,00000E+0	0,00000E+0
9,41000E-1	4,46424E-1	9,41000E+5	0,00000E+0	0,00000E+0
9,42000E-1	-4,91137E-1	9,42000E+5	0,00000E+0	0,00000E+0
9,43000E-1	3,50755E-1	9,43000E+5	0,00000E+0	0,00000E+0
9,44000E-1	-7,59312E-2	9,44000E+5	0,00000E+0	0,00000E+0
9,45000E-1	-2,28365E-1	9,45000E+5	0,00000E+0	0,00000E+0
9,46000E-1	4,47700E-1	9,46000E+5	0,00000E+0	0,00000E+0
9,47000E-1	-4,93050E-1	9,47000E+5	0,00000E+0	0,00000E+0
9,48000E-1	3,50755E-1	9,48000E+5	0,00000E+0	0,00000E+0
9,49000E-1	-7,33800E-2	9,49000E+5	0,00000E+0	0,00000E+0
9,50000E-1	-2,30916E-1	9,50000E+5	0,00000E+0	0,00000E+0
9,51000E-1	4,46424E-1	9,51000E+5	0,00000E+0	0,00000E+0
9,52000E-1	-4,91137E-1	9,52000E+5	0,00000E+0	0,00000E+0
9,53000E-1	3,50755E-1	9,53000E+5	0,00000E+0	0,00000E+0
9,54000E-1	-7,46556E-2	9,54000E+5	0,00000E+0	0,00000E+0
9,55000E-1	-2,28365E-1	9,55000E+5	0,00000E+0	0,00000E+0
9,56000E-1	4,47062E-1	9,56000E+5	0,00000E+0	0,00000E+0
9,57000E-1	-4,94326E-1	9,57000E+5	0,00000E+0	0,00000E+0
9,58000E-1	3,50755E-1	9,58000E+5	0,00000E+0	0,00000E+0
9,59000E-1	-7,40178E-2	9,59000E+5	0,00000E+0	0,00000E+0
9,60000E-1	-2,31554E-1	9,60000E+5	0,00000E+0	0,00000E+0
9,61000E-1	4,47700E-1	9,61000E+5	0,00000E+0	0,00000E+0
9,62000E-1	-4,91137E-1	9,62000E+5	0,00000E+0	0,00000E+0
9,63000E-1	3,50755E-1	9,63000E+5	0,00000E+0	0,00000E+0
9,64000E-1	-7,40178E-2	9,64000E+5	0,00000E+0	0,00000E+0
9,65000E-1	-2,29002E-1	9,65000E+5	0,00000E+0	0,00000E+0
9,66000E-1	4,47700E-1	9,66000E+5	0,00000E+0	0,00000E+0
9,67000E-1	-4,94326E-1	9,67000E+5	0,00000E+0	0,00000E+0
9,68000E-1	3,51392E-1	9,68000E+5	0,00000E+0	0,00000E+0
9,69000E-1	-7,33800E-2	9,69000E+5	0,00000E+0	0,00000E+0
9,70000E-1	-2,32191E-1	9,70000E+5	0,00000E+0	0,00000E+0
9,71000E-1	4,48338E-1	9,71000E+5	0,00000E+0	0,00000E+0
9,72000E-1	-4,91137E-1	9,72000E+5	0,00000E+0	0,00000E+0
9,73000E-1	3,50117E-1	9,73000E+5	0,00000E+0	0,00000E+0
9,74000E-1	-7,40178E-2	9,74000E+5	0,00000E+0	0,00000E+0
9,75000E-1	-2,31554E-1	9,75000E+5	0,00000E+0	0,00000E+0
9,76000E-1	4,48338E-1	9,76000E+5	0,00000E+0	0,00000E+0
9,77000E-1	-4,93688E-1	9,77000E+5	0,00000E+0	0,00000E+0
9,78000E-1	3,50117E-1	9,78000E+5	0,00000E+0	0,00000E+0
9,79000E-1	-7,14667E-2	9,79000E+5	0,00000E+0	0,00000E+0
9,80000E-1	-2,31554E-1	9,80000E+5	0,00000E+0	0,00000E+0
9,81000E-1	4,47700E-1	9,81000E+5	0,00000E+0	0,00000E+0
9,82000E-1	-4,90499E-1	9,82000E+5	0,00000E+0	0,00000E+0
9,83000E-1	3,50117E-1	9,83000E+5	0,00000E+0	0,00000E+0
9,84000E-1	-7,27423E-2	9,84000E+5	0,00000E+0	0,00000E+0
9,85000E-1	-2,32191E-1	9,85000E+5	0,00000E+0	0,00000E+0
9,86000E-1	4,47700E-1	9,86000E+5	0,00000E+0	0,00000E+0
9,87000E-1	-4,92412E-1	9,87000E+5	0,00000E+0	0,00000E+0
9,88000E-1	3,49479E-1	9,88000E+5	0,00000E+0	0,00000E+0
9,89000E-1	-7,01911E-2	9,89000E+5	0,00000E+0	0,00000E+0
9,90000E-1	-2,32191E-1	9,90000E+5	0,00000E+0	0,00000E+0
9,91000E-1	4,47700E-1	9,91000E+5	0,00000E+0	0,00000E+0
9,92000E-1	-4,90499E-1	9,92000E+5	0,00000E+0	0,00000E+0
9,93000E-1	3,49479E-1	9,93000E+5	0,00000E+0	0,00000E+0
9,94000E-1	-7,33800E-2	9,94000E+5	0,00000E+0	0,00000E+0
9,95000E-1	-2,31554E-1	9,95000E+5	0,00000E+0	0,00000E+0
9,96000E-1	4,48338E-1	9,96000E+5	0,00000E+0	0,00000E+0
9,97000E-1	-4,91775E-1	9,97000E+5	0,00000E+0	0,00000E+0
9,98000E-1	3,48203E-1	9,98000E+5	0,00000E+0	0,00000E+0
9,99000E-1	-7,01911E-2	9,99000E+5	0,00000E+0	0,00000E+0
