0,00000E+0	-3,06176E-1	0,00000E+0	-6,66571E+1	-6,56135E+1
1,00000E-3	4,81503E-1	1,00000E+3	-8,05329E+1	-6,84632E+1
2,00000E-3	-4,68814E-1	2,00000E+3	-8,25614E+1	-9,52210E+1
3,00000E-3	2,80597E-1	3,00000E+3	-8,29854E+1	-1,00755E+2
4,00000E-3	1,84627E-2	4,00000E+3	-8,14256E+1	-8,78650E+1
5,00000E-3	-3,06176E-1	5,00000E+3	-8,72574E+1	-8,59731E+1
6,00000E-3	4,78314E-1	6,00000E+3	-8,64676E+1	-9,90212E+1
7,00000E-3	-4,67538E-1	7,00000E+3	-8,33353E+1	-1,07794E+2
8,00000E-3	2,81235E-1	8,00000E+3	-8,18169E+1	-9,39396E+1
9,00000E-3	1,52737E-2	9,00000E+3	-8,16405E+1	-8,95164E+1
1,00000E-2	-3,05538E-1	1,00000E+4	-8,42300E+1	-9,97577E+1
1,10000E-2	4,80227E-1	1,10000E+4	-8,30722E+1	-9,18351E+1
1,20000E-2	-4,71365E-1	1,20000E+4	-8,10753E+1	-8,70320E+1
1,30000E-2	2,81235E-1	1,30000E+4	-8,62159E+1	-8,77255E+1
1,40000E-2	1,52737E-2	1,40000E+4	-8,57972E+1	-9,50517E+1
1,50000E-2	-3,06814E-1	1,50000E+4	-8,74542E+1	-1,00174E+2
1,60000E-2	4,78952E-1	1,60000E+4	-8,54509E+1	-1,03047E+2
1,70000E-2	-4,68176E-1	1,70000E+4	-8,26880E+1	-9,67575E+1
1,80000E-2	2,81873E-1	1,80000E+4	-8,36892E+1	-9,89680E+1
1,90000E-2	1,59115E-2	1,90000E+4	-8,18185E+1	-9,12580E+1
2,00000E-2	-3,04262E-1	2,00000E+4	-8,71648E+1	-8,83163E+1
2,10000E-2	4,80865E-1	2,10000E+4	-8,23330E+1	-8,62650E+1
2,20000E-2	-4,71365E-1	2,20000E+4	-8,44673E+1	-8,66687E+1
2,30000E-2	2,82510E-1	2,30000E+4	-8,16003E+1	-9,29674E+1
2,40000E-2	1,59115E-2	2,40000E+4	-8,19509E+1	-9,41168E+1
2,50000E-2	-3,04900E-1	2,50000E+4	-8,49083E+1	-9,20409E+1
2,60000E-2	4,79590E-1	2,60000E+4	-9,11843E+1	-8,62428E+1
2,70000E-2	-4,70089E-1	2,70000E+4	-8,20879E+1	-8,58456E+1
2,80000E-2	2,83148E-1	2,80000E+4	-8,49997E+1	-9,01242E+1
2,90000E-2	1,33603E-2	2,90000E+4	-8,02563E+1	-9,37762E+1
3,00000E-2	-3,03625E-1	3,00000E+4	-8,02509E+1	-8,92332E+1
3,10000E-2	4,80865E-1	3,10000E+4	-8,95397E+1	-8,39777E+1
3,20000E-2	-4,70727E-1	3,20000E+4	-8,21557E+1	-8,55641E+1
3,30000E-2	2,83148E-1	3,30000E+4	-8,27486E+1	-8,81071E+1
3,40000E-2	1,39981E-2	3,40000E+4	-8,56566E+1	-9,80296E+1
3,50000E-2	-3,04262E-1	3,50000E+4	-9,04831E+1	-8,77951E+1
3,60000E-2	4,78314E-1	3,60000E+4	-8,44019E+1	-8,48732E+1
3,70000E-2	-4,70089E-1	3,70000E+4	-9,04720E+1	-9,22167E+1
3,80000E-2	2,83148E-1	3,80000E+4	-8,58014E+1	-9,54212E+1
3,90000E-2	1,14469E-2	3,90000E+4	-8,73694E+1	-9,96250E+1
4,00000E-2	-3,03625E-1	4,00000E+4	-8,47367E+1	-9,21961E+1
4,10000E-2	4,80865E-1	4,10000E+4	-8,78489E+1	-9,25322E+1
4,20000E-2	-4,70727E-1	4,20000E+4	-8,43076E+1	-9,28513E+1
4,30000E-2	2,83786E-1	4,30000E+4	-7,86484E+1	-8,30775E+1
4,40000E-2	1,39981E-2	4,40000E+4	-8,92942E+1	-8,46671E+1
4,50000E-2	-3,03625E-1	4,50000E+4	-8,31978E+1	-8,79401E+1
4,60000E-2	4,77676E-1	4,60000E+4	-8,34779E+1	-8,61833E+1
4,70000E-2	-4,70727E-1	4,70000E+4	-8,53442E+1	-9,26724E+1
4,80000E-2	2,83786E-1	4,80000E+4	-8,35589E+1	-9,12194E+1
4,90000E-2	1,20847E-2	4,90000E+4	-9,04927E+1	-9,11272E+1
5,00000E-2	-3,02349E-1	5,00000E+4	-8,77938E+1	-1,08235E+2
5,10000E-2	4,79590E-1	5,10000E+4	-8,45073E+1	-9,11730E+1
5,20000E-2	-4,70727E-1	5,20000E+4	-8,44359E+1	-8,63507E+1
5,30000E-2	2,83786E-1	5,30000E+4	-8,08970E+1	-8,70593E+1
5,40000E-2	1,27225E-2	5,40000E+4	-8,44073E+1	-8,74913E+1
5,50000E-2	-3,02987E-1	5,50000E+4	-7,91307E+1	-8,37307E+1
5,60000E-2	4,78952E-1	5,60000E+4	-8,82493E+1	-8,42438E+1
5,70000E-2	-4,69452E-1	5,70000E+4	-8,35797E+1	-9,25119E+1
5,80000E-2	2,84424E-1	5,80000E+4	-8,32709E+1	-9,78204E+1
5,90000E-2	1,08091E-2	5,90000E+4	-8,45961E+1	-9,34372E+1
6,00000E-2	-3,02349E-1	6,00000E+4	-8,20345E+1	-1,04273E+2
6,10000E-2	4,80227E-1	6,10000E+4	-7,91480E+1	-8,61073E+1
6,20000E-2	-4,72641E-1	6,20000E+4	-8,68465E+1	-8,50082E+1
6,30000E-2	2,85699E-1	6,30000E+4	-8,07529E+1	-9,32568E+1
6,40000E-2	1,20847E-2	6,40000E+4	-7,94580E+1	-9,05402E+1
6,50000E-2	-3,02987E-1	6,50000E+4	-8,27736E+1	-1,01467E+2
6,60000E-2	4,79590E-1	6,60000E+4	-8,81047E+1	-8,73620E+1
6,70000E-2	-4,71365E-1	6,70000E+4	-8,23626E+1	-8,47627E+1
6,80000E-2	2,84424E-1	6,80000E+4	-8,54034E+1	-8,88122E+1
6,90000E-2	1,01713E-2	6,90000E+4	-8,36485E+1	-1,02010E+2
7,00000E-2	-2,99798E-1	7,00000E+4	-8,08547E+1	-9,01311E+1
7,10000E-2	4,77038E-1	7,10000E+4	-8,49583E+1	-8,80319E+1
7,20000E-2	-4,70727E-1	7,20000E+4	-8,04400E+1	-9,40247E+1
7,30000E-2	2,86337E-1	7,30000E+4	-8,02118E+1	-9,19491E+1
7,40000E-2	1,01713E-2	7,40000E+4	-8,59185E+1	-9,08929E+1
7,50000E-2	-2,99798E-1	7,50000E+4	-8,45589E+1	-1,02249E+2
7,60000E-2	4,78314E-1	7,60000E+4	-8,19229E+1	-9,64277E+1
7,70000E-2	-4,71365E-1	7,70000E+4	-8,15913E+1	-9,31882E+1
7,80000E-2	2,87613E-1	7,80000E+4	-8,33523E+1	-8,68987E+1
7,90000E-2	9,53350E-3	7,90000E+4	-8,29666E+1	-8,90356E+1
8,00000E-2	-3,01073E-1	8,00000E+4	-8,45676E+1	-1,09745E+2
8,10000E-2	4,78952E-1	8,10000E+4	-8,49438E+1	-9,35280E+1
8,20000E-2	-4,71365E-1	8,20000E+4	-8,32062E+1	-1,03184E+2
8,30000E-2	2,86975E-1	8,30000E+4	-8,20324E+1	-9,26509E+1
8,40000E-2	1,14469E-2	8,40000E+4	-8,60372E+1	-8,60887E+1
8,50000E-2	-3,00436E-1	8,50000E+4	-8,21440E+1	-8,84232E+1
8,60000E-2	4,78314E-1	8,60000E+4	-7,99632E+1	-8,81908E+1
8,70000E-2	-4,70727E-1	8,70000E+4	-8,21780E+1	-8,34878E+1
8,80000E-2	2,86975E-1	8,80000E+4	-8,04932E+1	-8,83184E+1
8,90000E-2	8,25791E-3	8,90000E+4	-8,23929E+1	-1,02465E+2
9,00000E-2	-2,99798E-1	9,00000E+4	-8,28034E+1	-1,02472E+2
9,10000E-2	4,78952E-1	9,10000E+4	-8,53306E+1	-1,05436E+2
9,20000E-2	-4,73278E-1	9,20000E+4	-8,70773E+1	-9,65646E+1
9,30000E-2	2,87613E-1	9,30000E+4	-8,36967E+1	-9,79639E+1
9,40000E-2	8,25791E-3	9,40000E+4	-8,38682E+1	-9,37185E+1
9,50000E-2	-3,01711E-1	9,50000E+4	-8,46473E+1	-8,83349E+1
9,60000E-2	4,77676E-1	9,60000E+4	-8,56056E+1	-9,04917E+1
9,70000E-2	-4,70727E-1	9,70000E+4	-8,49370E+1	-9,53441E+1
9,80000E-2	2,88251E-1	9,80000E+4	-8,64839E+1	-9,28118E+1
9,90000E-2	6,98232E-3	9,90000E+4	-8,29789E+1	-9,56628E+1
1,00000E-1	-2,99798E-1	1,00000E+5	-8,41389E+1	-9,68383E+1
1,01000E-1	4,78952E-1	1,01000E+5	-8,25737E+1	-8,87391E+1
1,02000E-1	-4,72641E-1	1,02000E+5	-8,51998E+1	-8,98307E+1
1,03000E-1	2,88251E-1	1,03000E+5	-8,56124E+1	-9,48254E+1
1,04000E-1	7,62011E-3	1,04000E+5	-8,14882E+1	-9,31293E+1
1,05000E-1	-2,99798E-1	1,05000E+5	-8,10558E+1	-9,19274E+1
1,06000E-1	4,77676E-1	1,06000E+5	-8,20313E+1	-9,03635E+1
1,07000E-1	-4,70727E-1	1,07000E+5	-8,40956E+1	-9,00702E+1
1,08000E-1	2,88888E-1	1,08000E+5	-7,89752E+1	-8,17183E+1
1,09000E-1	5,70672E-3	1,09000E+5	-8,33876E+1	-8,23101E+1
1,10000E-1	-2,97884E-1	1,10000E+5	-8,28203E+1	-8,77568E+1
1,11000E-1	4,77676E-1	1,11000E+5	-8,52599E+1	-8,55181E+1
1,12000E-1	-4,73916E-1	1,12000E+5	-7,76598E+1	-8,09688E+1
1,13000E-1	2,88888E-1	1,13000E+5	-8,68224E+1	-8,87131E+1
1,14000E-1	8,25791E-3	1,14000E+5	-8,49751E+1	-8,94126E+1
1,15000E-1	-3,00436E-1	1,15000E+5	-8,58641E+1	-9,37534E+1
1,16000E-1	4,77676E-1	1,16000E+5	-8,40246E+1	-1,07280E+2
1,17000E-1	-4,72003E-1	1,17000E+5	-8,33934E+1	-9,32309E+1
1,18000E-1	2,89526E-1	1,18000E+5	-8,20195E+1	-1,00391E+2
1,19000E-1	6,98232E-3	1,19000E+5	-8,11833E+1	-9,42312E+1
1,20000E-1	-2,96609E-1	1,20000E+5	-8,46359E+1	-9,30643E+1
1,21000E-1	4,77676E-1	1,21000E+5	-8,62480E+1	-8,82590E+1
1,22000E-1	-4,72641E-1	1,22000E+5	-8,18284E+1	-9,02799E+1
1,23000E-1	2,90802E-1	1,23000E+5	-8,45150E+1	-9,26901E+1
1,24000E-1	5,06893E-3	1,24000E+5	-8,30792E+1	-9,47799E+1
1,25000E-1	-2,98522E-1	1,25000E+5	-8,43630E+1	-9,25180E+1
1,26000E-1	4,78314E-1	1,26000E+5	-8,23758E+1	-9,49689E+1
1,27000E-1	-4,72641E-1	1,27000E+5	-7,88223E+1	-8,91443E+1
1,28000E-1	2,88888E-1	1,28000E+5	-8,11308E+1	-1,14897E+2
1,29000E-1	6,34452E-3	1,29000E+5	-8,41366E+1	-9,00187E+1
1,30000E-1	-2,96609E-1	1,30000E+5	-8,24052E+1	-9,21072E+1
1,31000E-1	4,77038E-1	1,31000E+5	-8,39769E+1	-9,35047E+1
1,32000E-1	-4,72003E-1	1,32000E+5	-8,07550E+1	-8,80097E+1
1,33000E-1	2,88251E-1	1,33000E+5	-8,66792E+1	-8,49600E+1
1,34000E-1	5,06893E-3	1,34000E+5	-7,92985E+1	-8,38014E+1
1,35000E-1	-2,95333E-1	1,35000E+5	-8,40452E+1	-8,51970E+1
1,36000E-1	4,75763E-1	1,36000E+5	-8,19270E+1	-8,97155E+1
1,37000E-1	-4,72641E-1	1,37000E+5	-8,13767E+1	-8,88799E+1
1,38000E-1	2,92077E-1	1,38000E+5	-8,06013E+1	-8,88953E+1
1,39000E-1	3,79333E-3	1,39000E+5	-8,60746E+1	-8,54843E+1
1,40000E-1	-2,97247E-1	1,40000E+5	-7,93055E+1	-8,55598E+1
1,41000E-1	4,77038E-1	1,41000E+5	-8,27318E+1	-1,01175E+2
1,42000E-1	-4,74554E-1	1,42000E+5	-8,71914E+1	-8,45298E+1
1,43000E-1	2,92077E-1	1,43000E+5	-8,42995E+1	-8,46843E+1
1,44000E-1	3,79333E-3	1,44000E+5	-8,02608E+1	-8,78216E+1
1,45000E-1	-2,96609E-1	1,45000E+5	-8,07050E+1	-1,11498E+2
1,46000E-1	4,78952E-1	1,46000E+5	-8,07705E+1	-9,44848E+1
1,47000E-1	-4,73278E-1	1,47000E+5	-8,13400E+1	-9,13845E+1
1,48000E-1	2,90802E-1	1,48000E+5	-8,11592E+1	-8,57290E+1
1,49000E-1	5,06893E-3	1,49000E+5	-7,96082E+1	-8,46870E+1
1,50000E-1	-2,96609E-1	1,50000E+5	-8,72902E+1	-8,54596E+1
1,51000E-1	4,75763E-1	1,51000E+5	-8,12782E+1	-8,74634E+1
1,52000E-1	-4,72641E-1	1,52000E+5	-8,67785E+1	-8,82782E+1
1,53000E-1	2,92077E-1	1,53000E+5	-8,16979E+1	-9,25955E+1
1,54000E-1	3,79333E-3	1,54000E+5	-8,28470E+1	-9,22130E+1
1,55000E-1	-2,95333E-1	1,55000E+5	-8,03370E+1	-8,52691E+1
1,56000E-1	4,75763E-1	1,56000E+5	-8,40974E+1	-8,62472E+1
1,57000E-1	-4,73278E-1	1,57000E+5	-8,10881E+1	-8,98959E+1
1,58000E-1	2,92715E-1	1,58000E+5	-8,22933E+1	-9,36996E+1
1,59000E-1	3,79333E-3	1,59000E+5	-8,15133E+1	-9,26345E+1
1,60000E-1	-2,96609E-1	1,60000E+5	-8,68120E+1	-9,04473E+1
1,61000E-1	4,78314E-1	1,61000E+5	-8,36593E+1	-9,29731E+1
1,62000E-1	-4,73916E-1	1,62000E+5	-8,17227E+1	-9,95918E+1
1,63000E-1	2,91440E-1	1,63000E+5	-8,05686E+1	-8,78245E+1
1,64000E-1	4,43113E-3	1,64000E+5	-8,41376E+1	-9,42546E+1
1,65000E-1	-2,95333E-1	1,65000E+5	-8,73047E+1	-9,00394E+1
1,66000E-1	4,76401E-1	1,66000E+5	-8,14011E+1	-9,23260E+1
1,67000E-1	-4,72641E-1	1,67000E+5	-7,96142E+1	-9,05140E+1
1,68000E-1	2,91440E-1	1,68000E+5	-8,23156E+1	-9,15738E+1
1,69000E-1	1,87994E-3	1,69000E+5	-8,72376E+1	-8,98873E+1
1,70000E-1	-2,93420E-1	1,70000E+5	-8,19262E+1	-9,18873E+1
1,71000E-1	4,75125E-1	1,71000E+5	-8,24074E+1	-9,18026E+1
1,72000E-1	-4,74554E-1	1,72000E+5	-7,79090E+1	-8,61367E+1
1,73000E-1	2,93353E-1	1,73000E+5	-8,07684E+1	-9,15014E+1
1,74000E-1	6,04350E-4	1,74000E+5	-8,29317E+1	-9,08268E+1
1,75000E-1	-2,93420E-1	1,75000E+5	-9,03994E+1	-8,51374E+1
1,76000E-1	4,77038E-1	1,76000E+5	-8,17175E+1	-8,97722E+1
1,77000E-1	-4,75830E-1	1,77000E+5	-8,17421E+1	-9,67103E+1
1,78000E-1	2,93353E-1	1,78000E+5	-8,17980E+1	-9,15211E+1
1,79000E-1	1,87994E-3	1,79000E+5	-7,85047E+1	-8,48195E+1
1,80000E-1	-2,94695E-1	1,80000E+5	-8,62278E+1	-8,25088E+1
1,81000E-1	4,76401E-1	1,81000E+5	-7,78173E+1	-8,33437E+1
1,82000E-1	-4,73916E-1	1,82000E+5	-8,25720E+1	-9,04969E+1
1,83000E-1	2,92715E-1	1,83000E+5	-8,25015E+1	-9,65191E+1
1,84000E-1	1,24215E-3	1,84000E+5	-8,33163E+1	-8,90172E+1
1,85000E-1	-2,91506E-1	1,85000E+5	-8,52705E+1	-9,10832E+1
1,86000E-1	4,75125E-1	1,86000E+5	-8,02798E+1	-9,20218E+1
1,87000E-1	-4,74554E-1	1,87000E+5	-8,04422E+1	-1,00573E+2
1,88000E-1	2,95904E-1	1,88000E+5	-8,16959E+1	-1,04318E+2
1,89000E-1	6,04350E-4	1,89000E+5	-8,17251E+1	-1,04593E+2
1,90000E-1	-2,93420E-1	1,90000E+5	-8,05850E+1	-9,79425E+1
1,91000E-1	4,76401E-1	1,91000E+5	-7,98567E+1	-8,93170E+1
1,92000E-1	-4,74554E-1	1,92000E+5	-8,59236E+1	-8,85897E+1
1,93000E-1	2,94629E-1	1,93000E+5	-8,34025E+1	-9,76627E+1
1,94000E-1	6,04350E-4	1,94000E+5	-7,91143E+1	-8,45977E+1
1,95000E-1	-2,92144E-1	1,95000E+5	-8,73604E+1	-8,48897E+1
1,96000E-1	4,75763E-1	1,96000E+5	-8,19990E+1	-9,07107E+1
1,97000E-1	-4,73278E-1	1,97000E+5	-8,16937E+1	-9,30835E+1
1,98000E-1	2,95266E-1	1,98000E+5	-8,16918E+1	-9,38598E+1
1,99000E-1	-3,34469E-5	1,99000E+5	-8,02561E+1	-8,60939E+1
2,00000E-1	-2,90231E-1	2,00000E+5	-7,73301E+1	-8,11451E+1
2,01000E-1	4,73849E-1	2,01000E+5	-8,51481E+1	-8,25093E+1
2,02000E-1	-4,75830E-1	2,02000E+5	-8,19018E+1	-9,41720E+1
2,03000E-1	2,95904E-1	2,03000E+5	-7,86888E+1	-8,70670E+1
2,04000E-1	-1,30904E-3	2,04000E+5	-8,20553E+1	-8,56449E+1
2,05000E-1	-2,92144E-1	2,05000E+5	-8,28723E+1	-8,89931E+1
2,06000E-1	4,76401E-1	2,06000E+5	-8,01247E+1	-9,21176E+1
2,07000E-1	-4,76467E-1	2,07000E+5	-8,12624E+1	-9,32120E+1
2,08000E-1	2,95266E-1	2,08000E+5	-8,08133E+1	-9,35955E+1
2,09000E-1	6,04350E-4	2,09000E+5	-8,09167E+1	-8,48517E+1
2,10000E-1	-2,92782E-1	2,10000E+5	-8,04329E+1	-8,73718E+1
2,11000E-1	4,75763E-1	2,11000E+5	-8,30094E+1	-9,22714E+1
2,12000E-1	-4,75192E-1	2,12000E+5	-8,01195E+1	-8,88631E+1
2,13000E-1	2,94629E-1	2,13000E+5	-8,03760E+1	-8,65779E+1
2,14000E-1	-1,30904E-3	2,14000E+5	-8,71669E+1	-8,74256E+1
2,15000E-1	-2,91506E-1	2,15000E+5	-8,17353E+1	-8,56058E+1
2,16000E-1	4,74487E-1	2,16000E+5	-8,64374E+1	-8,42746E+1
2,17000E-1	-4,73916E-1	2,17000E+5	-8,09558E+1	-9,53404E+1
2,18000E-1	2,96542E-1	2,18000E+5	-7,89402E+1	-9,27582E+1
2,19000E-1	-1,94684E-3	2,19000E+5	-8,00208E+1	-9,20343E+1
2,20000E-1	-2,91506E-1	2,20000E+5	-7,87378E+1	-9,06868E+1
2,21000E-1	4,73212E-1	2,21000E+5	-8,17210E+1	-9,40218E+1
2,22000E-1	-4,75830E-1	2,22000E+5	-8,11181E+1	-9,45619E+1
2,23000E-1	2,98455E-1	2,23000E+5	-7,97346E+1	-8,84858E+1
2,24000E-1	-2,58463E-3	2,24000E+5	-8,22970E+1	-8,89873E+1
2,25000E-1	-2,90869E-1	2,25000E+5	-7,90004E+1	-8,89723E+1
2,26000E-1	4,75763E-1	2,26000E+5	-8,21435E+1	-9,04926E+1
2,27000E-1	-4,75830E-1	2,27000E+5	-8,09555E+1	-8,63555E+1
2,28000E-1	2,96542E-1	2,28000E+5	-8,28643E+1	-8,65572E+1
2,29000E-1	-1,94684E-3	2,29000E+5	-8,15682E+1	-9,00005E+1
2,30000E-1	-2,90231E-1	2,30000E+5	-8,14147E+1	-9,33652E+1
2,31000E-1	4,73212E-1	2,31000E+5	-7,82150E+1	-8,85714E+1
2,32000E-1	-4,75192E-1	2,32000E+5	-7,80161E+1	-8,53438E+1
2,33000E-1	2,97180E-1	2,33000E+5	-8,12725E+1	-9,04575E+1
2,34000E-1	-4,49802E-3	2,34000E+5	-8,03933E+1	-1,00695E+2
2,35000E-1	-2,89593E-1	2,35000E+5	-8,03675E+1	-9,85516E+1
2,36000E-1	4,73849E-1	2,36000E+5	-8,11384E+1	-9,34798E+1
2,37000E-1	-4,77105E-1	2,37000E+5	-8,02986E+1	-8,94536E+1
2,38000E-1	2,98455E-1	2,38000E+5	-8,11366E+1	-9,28828E+1
2,39000E-1	-3,86023E-3	2,39000E+5	-7,89939E+1	-9,13287E+1
2,40000E-1	-2,89593E-1	2,40000E+5	-8,16592E+1	-9,07628E+1
2,41000E-1	4,73849E-1	2,41000E+5	-7,91443E+1	-8,93511E+1
2,42000E-1	-4,75192E-1	2,42000E+5	-8,14588E+1	-8,94621E+1
2,43000E-1	2,97180E-1	2,43000E+5	-7,93980E+1	-8,98233E+1
2,44000E-1	-3,86023E-3	2,44000E+5	-8,31884E+1	-1,00066E+2
2,45000E-1	-2,88317E-1	2,45000E+5	-9,03164E+1	-8,26157E+1
2,46000E-1	4,74487E-1	2,46000E+5	-7,73757E+1	-8,23805E+1
2,47000E-1	-4,78381E-1	2,47000E+5	-7,85144E+1	-8,74055E+1
2,48000E-1	2,97818E-1	2,48000E+5	-7,91291E+1	-9,38828E+1
2,49000E-1	-3,86023E-3	2,49000E+5	-8,06961E+1	-8,70366E+1
2,50000E-1	-2,90869E-1	2,50000E+5	-7,86790E+1	-8,84409E+1
2,51000E-1	4,73849E-1	2,51000E+5	-7,96000E+1	-9,46573E+1
2,52000E-1	-4,75830E-1	2,52000E+5	-7,79315E+1	-9,14057E+1
2,53000E-1	2,99731E-1	2,53000E+5	-7,91768E+1	-9,18930E+1
2,54000E-1	-5,13582E-3	2,54000E+5	-7,65928E+1	-9,00495E+1
2,55000E-1	-2,88317E-1	2,55000E+5	-7,73219E+1	-8,39462E+1
2,56000E-1	4,73849E-1	2,56000E+5	-7,79748E+1	-8,19853E+1
2,57000E-1	-4,77105E-1	2,57000E+5	-7,63594E+1	-8,59742E+1
2,58000E-1	2,98455E-1	2,58000E+5	-7,87162E+1	-9,02711E+1
2,59000E-1	-5,13582E-3	2,59000E+5	-7,86278E+1	-8,54742E+1
2,60000E-1	-2,89593E-1	2,60000E+5	-8,19987E+1	-9,53205E+1
2,61000E-1	4,73849E-1	2,61000E+5	-8,03934E+1	-8,55385E+1
2,62000E-1	-4,75192E-1	2,62000E+5	-7,83919E+1	-9,49654E+1
2,63000E-1	2,97818E-1	2,63000E+5	-7,68059E+1	-8,68904E+1
2,64000E-1	-5,77362E-3	2,64000E+5	-8,01456E+1	-9,04192E+1
2,65000E-1	-2,86404E-1	2,65000E+5	-8,42054E+1	-8,86787E+1
2,66000E-1	4,73212E-1	2,66000E+5	-7,99326E+1	-1,01365E+2
2,67000E-1	-4,78381E-1	2,67000E+5	-7,81688E+1	-9,16709E+1
2,68000E-1	3,01007E-1	2,68000E+5	-7,91717E+1	-9,35752E+1
2,69000E-1	-5,77362E-3	2,69000E+5	-7,91582E+1	-9,22152E+1
2,70000E-1	-2,88955E-1	2,70000E+5	-7,59389E+1	-8,59564E+1
2,71000E-1	4,74487E-1	2,71000E+5	-7,89907E+1	-8,43512E+1
2,72000E-1	-4,75830E-1	2,72000E+5	-7,51064E+1	-8,26904E+1
2,73000E-1	2,99731E-1	2,73000E+5	-7,90673E+1	-8,59623E+1
2,74000E-1	-7,68701E-3	2,74000E+5	-7,98693E+1	-9,21421E+1
2,75000E-1	-2,87042E-1	2,75000E+5	-7,77790E+1	-9,76122E+1
2,76000E-1	4,71298E-1	2,76000E+5	-7,47721E+1	-8,54446E+1
2,77000E-1	-4,77743E-1	2,77000E+5	-7,57463E+1	-8,36969E+1
2,78000E-1	3,01644E-1	2,78000E+5	-7,34167E+1	-7,98434E+1
2,79000E-1	-8,32480E-3	2,79000E+5	-7,92050E+1	-7,90800E+1
2,80000E-1	-2,87042E-1	2,80000E+5	-7,50079E+1	-7,82748E+1
2,81000E-1	4,74487E-1	2,81000E+5	-8,70398E+1	-7,76423E+1
2,82000E-1	-4,77743E-1	2,82000E+5	-7,92651E+1	-8,70473E+1
2,83000E-1	3,00369E-1	2,83000E+5	-7,68735E+1	-9,49926E+1
2,84000E-1	-8,32480E-3	2,84000E+5	-7,62891E+1	-8,91919E+1
2,85000E-1	-2,86404E-1	2,85000E+5	-7,58252E+1	-8,83711E+1
2,86000E-1	4,71936E-1	2,86000E+5	-7,91781E+1	-9,85555E+1
2,87000E-1	-4,76467E-1	2,87000E+5	-8,27754E+1	-8,62256E+1
2,88000E-1	3,02920E-1	2,88000E+5	-8,20175E+1	-8,81977E+1
2,89000E-1	-8,96260E-3	2,89000E+5	-8,40986E+1	-9,07265E+1
2,90000E-1	-2,86404E-1	2,90000E+5	-8,03319E+1	-9,25757E+1
2,91000E-1	4,74487E-1	2,91000E+5	-7,90815E+1	-8,67976E+1
2,92000E-1	-4,77743E-1	2,92000E+5	-8,82314E+1	-7,73596E+1
2,93000E-1	3,01007E-1	2,93000E+5	-7,25207E+1	-7,43594E+1
2,94000E-1	-7,04921E-3	2,94000E+5	-7,57178E+1	-7,51774E+1
2,95000E-1	-2,85766E-1	2,95000E+5	-7,39134E+1	-7,54376E+1
2,96000E-1	4,71936E-1	2,96000E+5	-7,43378E+1	-7,92871E+1
2,97000E-1	-4,76467E-1	2,97000E+5	-7,66175E+1	-8,67040E+1
2,98000E-1	3,01007E-1	2,98000E+5	-8,01250E+1	-7,67133E+1
2,99000E-1	-8,96260E-3	2,99000E+5	-7,19199E+1	-7,59971E+1
3,00000E-1	-2,84491E-1	3,00000E+5	-7,41126E+1	-7,87382E+1
3,01000E-1	4,72574E-1	3,01000E+5	-7,92239E+1	-7,88685E+1
3,02000E-1	-4,77105E-1	3,02000E+5	-7,56685E+1	-8,24002E+1
3,03000E-1	3,03558E-1	3,03000E+5	-7,18452E+1	-8,46320E+1
3,04000E-1	-9,60040E-3	3,04000E+5	-7,18534E+1	-8,00704E+1
3,05000E-1	-2,86404E-1	3,05000E+5	-7,72980E+1	-8,21175E+1
3,06000E-1	4,73849E-1	3,06000E+5	-7,65516E+1	-8,56175E+1
3,07000E-1	-4,78381E-1	3,07000E+5	-7,44594E+1	-7,96613E+1
3,08000E-1	3,02282E-1	3,08000E+5	-7,08559E+1	-7,52830E+1
3,09000E-1	-8,32480E-3	3,09000E+5	-7,74137E+1	-7,56135E+1
3,10000E-1	-2,86404E-1	3,10000E+5	-7,90145E+1	-8,56902E+1
3,11000E-1	4,71936E-1	3,11000E+5	-7,21267E+1	-7,84844E+1
3,12000E-1	-4,76467E-1	3,12000E+5	-7,52391E+1	-8,74027E+1
3,13000E-1	3,00369E-1	3,13000E+5	-7,64959E+1	-8,36736E+1
3,14000E-1	-9,60040E-3	3,14000E+5	-7,93622E+1	-7,70225E+1
3,15000E-1	-2,82577E-1	3,15000E+5	-7,18758E+1	-7,46489E+1
3,16000E-1	4,71298E-1	3,16000E+5	-8,14640E+1	-8,03006E+1
3,17000E-1	-4,76467E-1	3,17000E+5	-8,11374E+1	-8,15748E+1
3,18000E-1	3,04196E-1	3,18000E+5	-7,17736E+1	-7,48728E+1
3,19000E-1	-1,08760E-2	3,19000E+5	-8,12737E+1	-7,51255E+1
3,20000E-1	-2,84491E-1	3,20000E+5	-7,29969E+1	-7,83369E+1
3,21000E-1	4,73212E-1	3,21000E+5	-7,73007E+1	-8,26227E+1
3,22000E-1	-4,77105E-1	3,22000E+5	-7,39009E+1	-8,90261E+1
3,23000E-1	3,04196E-1	3,23000E+5	-7,36947E+1	-8,45616E+1
3,24000E-1	-1,02382E-2	3,24000E+5	-7,76380E+1	-8,21011E+1
3,25000E-1	-2,84491E-1	3,25000E+5	-7,27301E+1	-7,78522E+1
3,26000E-1	4,71936E-1	3,26000E+5	-7,58978E+1	-8,10220E+1
3,27000E-1	-4,77743E-1	3,27000E+5	-7,83933E+1	-8,24044E+1
3,28000E-1	3,02920E-1	3,28000E+5	-7,24100E+1	-8,01677E+1
3,29000E-1	-1,21516E-2	3,29000E+5	-7,40024E+1	-8,08444E+1
3,30000E-1	-2,83215E-1	3,30000E+5	-7,79485E+1	-7,89230E+1
3,31000E-1	4,70023E-1	3,31000E+5	-7,30335E+1	-8,52758E+1
3,32000E-1	-4,77105E-1	3,32000E+5	-7,27546E+1	-8,69454E+1
3,33000E-1	3,04196E-1	3,33000E+5	-7,55142E+1	-8,54231E+1
3,34000E-1	-1,21516E-2	3,34000E+5	-7,53941E+1	-9,72933E+1
3,35000E-1	-2,81940E-1	3,35000E+5	-7,52861E+1	-8,83515E+1
3,36000E-1	4,70023E-1	3,36000E+5	-7,26307E+1	-8,31352E+1
3,37000E-1	-4,79019E-1	3,37000E+5	-7,11912E+1	-9,16989E+1
3,38000E-1	3,06747E-1	3,38000E+5	-7,03510E+1	-8,45273E+1
3,39000E-1	-1,27894E-2	3,39000E+5	-7,23253E+1	-8,25060E+1
3,40000E-1	-2,83215E-1	3,40000E+5	-7,74421E+1	-8,17615E+1
3,41000E-1	4,71298E-1	3,41000E+5	-7,32128E+1	-8,56506E+1
3,42000E-1	-4,80294E-1	3,42000E+5	-7,26398E+1	-8,83916E+1
3,43000E-1	3,06747E-1	3,43000E+5	-7,49638E+1	-8,28946E+1
3,44000E-1	-1,27894E-2	3,44000E+5	-7,17893E+1	-8,45023E+1
3,45000E-1	-2,82577E-1	3,45000E+5	-7,16677E+1	-8,12591E+1
3,46000E-1	4,72574E-1	3,46000E+5	-7,38905E+1	-8,43417E+1
3,47000E-1	-4,79656E-1	3,47000E+5	-7,33651E+1	-9,08274E+1
3,48000E-1	3,07384E-1	3,48000E+5	-7,19725E+1	-8,54892E+1
3,49000E-1	-1,40650E-2	3,49000E+5	-7,41580E+1	-8,14655E+1
3,50000E-1	-2,83215E-1	3,50000E+5	-7,09157E+1	-8,10103E+1
3,51000E-1	4,72574E-1	3,51000E+5	-6,94551E+1	-8,30354E+1
3,52000E-1	-4,78381E-1	3,52000E+5	-7,11247E+1	-8,91564E+1
3,53000E-1	3,04833E-1	3,53000E+5	-7,30790E+1	-8,24234E+1
3,54000E-1	-1,27894E-2	3,54000E+5	-7,08417E+1	-8,24165E+1
3,55000E-1	-2,81302E-1	3,55000E+5	-7,25150E+1	-8,41879E+1
3,56000E-1	4,70023E-1	3,56000E+5	-7,00737E+1	-8,26122E+1
3,57000E-1	-4,77743E-1	3,57000E+5	-7,13473E+1	-8,59419E+1
3,58000E-1	3,06747E-1	3,58000E+5	-7,18582E+1	-9,83814E+1
3,59000E-1	-1,53406E-2	3,59000E+5	-7,19438E+1	-9,36097E+1
3,60000E-1	-2,80664E-1	3,60000E+5	-7,17315E+1	-9,95557E+1
3,61000E-1	4,71936E-1	3,61000E+5	-7,11246E+1	-8,98476E+1
3,62000E-1	-4,80294E-1	3,62000E+5	-6,99475E+1	-9,20156E+1
3,63000E-1	3,06747E-1	3,63000E+5	-7,01905E+1	-9,61500E+1
3,64000E-1	-1,47028E-2	3,64000E+5	-7,03739E+1	-8,79133E+1
3,65000E-1	-2,81302E-1	3,65000E+5	-6,95782E+1	-9,51724E+1
3,66000E-1	4,71936E-1	3,66000E+5	-6,84850E+1	-8,45776E+1
3,67000E-1	-4,79019E-1	3,67000E+5	-6,87679E+1	-8,70045E+1
3,68000E-1	3,05471E-1	3,68000E+5	-6,92658E+1	-9,82269E+1
3,69000E-1	-1,53406E-2	3,69000E+5	-6,98738E+1	-8,85834E+1
3,70000E-1	-2,80026E-1	3,70000E+5	-7,01159E+1	-8,42045E+1
3,71000E-1	4,68747E-1	3,71000E+5	-6,79945E+1	-8,61809E+1
3,72000E-1	-4,79019E-1	3,72000E+5	-6,82318E+1	-9,22114E+1
3,73000E-1	3,08022E-1	3,73000E+5	-6,75829E+1	-9,17630E+1
3,74000E-1	-1,66162E-2	3,74000E+5	-6,79554E+1	-9,05910E+1
3,75000E-1	-2,80664E-1	3,75000E+5	-6,71309E+1	-8,99061E+1
3,76000E-1	4,71298E-1	3,76000E+5	-6,74452E+1	-8,87653E+1
3,77000E-1	-4,80294E-1	3,77000E+5	-6,63957E+1	-8,83400E+1
3,78000E-1	3,07384E-1	3,78000E+5	-6,67803E+1	-8,50349E+1
3,79000E-1	-1,53406E-2	3,79000E+5	-6,57586E+1	-7,97779E+1
3,80000E-1	-2,78751E-1	3,80000E+5	-6,48285E+1	-8,25964E+1
3,81000E-1	4,70023E-1	3,81000E+5	-6,56867E+1	-8,30437E+1
3,82000E-1	-4,78381E-1	3,82000E+5	-6,48796E+1	-8,71095E+1
3,83000E-1	3,08660E-1	3,83000E+5	-6,45099E+1	-1,04277E+2
3,84000E-1	-1,66162E-2	3,84000E+5	-6,39764E+1	-8,85356E+1
3,85000E-1	-2,77475E-1	3,85000E+5	-6,33631E+1	-9,01213E+1
3,86000E-1	4,70023E-1	3,86000E+5	-6,23192E+1	-8,55362E+1
3,87000E-1	-4,79656E-1	3,87000E+5	-6,23761E+1	-8,49296E+1
3,88000E-1	3,09298E-1	3,88000E+5	-6,15906E+1	-9,04094E+1
3,89000E-1	-1,78918E-2	3,89000E+5	-6,04113E+1	-8,92674E+1
3,90000E-1	-2,79388E-1	3,90000E+5	-5,99470E+1	-8,91912E+1
3,91000E-1	4,71298E-1	3,91000E+5	-5,90021E+1	-9,04571E+1
3,92000E-1	-4,79019E-1	3,92000E+5	-5,79531E+1	-9,15369E+1
3,93000E-1	3,08022E-1	3,93000E+5	-5,67881E+1	-9,57483E+1
3,94000E-1	-1,59784E-2	3,94000E+5	-5,59364E+1	-7,87750E+1
3,95000E-1	-2,77475E-1	3,95000E+5	-5,41204E+1	-8,15362E+1
3,96000E-1	4,67471E-1	3,96000E+5	-5,21289E+1	-7,70619E+1
3,97000E-1	-4,79656E-1	3,97000E+5	-4,97342E+1	-6,81976E+1
3,98000E-1	3,08660E-1	3,98000E+5	-4,63318E+1	-5,61502E+1
3,99000E-1	-1,85295E-2	3,99000E+5	-4,04441E+1	-1,54246E+1
4,00000E-1	-2,78113E-1	4,00000E+5	-9,04777E+0	-9,04236E+0
4,01000E-1	4,70660E-1	4,01000E+5	-4,00510E+1	-1,47080E+1
4,02000E-1	-4,80932E-1	4,02000E+5	-4,61330E+1	-5,57051E+1
4,03000E-1	3,08660E-1	4,03000E+5	-4,98744E+1	-6,66048E+1
4,04000E-1	-1,72540E-2	4,04000E+5	-5,23366E+1	-7,70771E+1
4,05000E-1	-2,76837E-1	4,05000E+5	-5,44625E+1	-8,11498E+1
4,06000E-1	4,70023E-1	4,06000E+5	-5,62518E+1	-7,97910E+1
4,07000E-1	-4,79019E-1	4,07000E+5	-5,71252E+1	-8,99004E+1
4,08000E-1	3,09936E-1	4,08000E+5	-5,84890E+1	-9,16921E+1
4,09000E-1	-1,91673E-2	4,09000E+5	-5,96950E+1	-8,47264E+1
4,10000E-1	-2,76837E-1	4,10000E+5	-6,04020E+1	-8,72708E+1
4,11000E-1	4,69385E-1	4,11000E+5	-6,15479E+1	-9,69653E+1
4,12000E-1	-4,79656E-1	4,12000E+5	-6,26068E+1	-8,42790E+1
4,13000E-1	3,09936E-1	4,13000E+5	-6,28686E+1	-8,99360E+1
4,14000E-1	-1,91673E-2	4,14000E+5	-6,36786E+1	-1,08993E+2
4,15000E-1	-2,78113E-1	4,15000E+5	-6,46723E+1	-9,11091E+1
4,16000E-1	4,70023E-1	4,16000E+5	-6,49447E+1	-9,53228E+1
4,17000E-1	-4,80294E-1	4,17000E+5	-6,57731E+1	-1,00446E+2
4,18000E-1	3,08660E-1	4,18000E+5	-6,64772E+1	-9,43296E+1
4,19000E-1	-1,98051E-2	4,19000E+5	-6,67909E+1	-8,99160E+1
4,20000E-1	-2,74286E-1	4,20000E+5	-6,67069E+1	-9,31294E+1
4,21000E-1	4,67471E-1	4,21000E+5	-6,74088E+1	-1,05212E+2
4,22000E-1	-4,79019E-1	4,22000E+5	-6,79949E+1	-9,00118E+1
4,23000E-1	3,09936E-1	4,23000E+5	-6,83314E+1	-9,10219E+1
4,24000E-1	-2,17185E-2	4,24000E+5	-6,84989E+1	-9,75378E+1
4,25000E-1	-2,76199E-1	4,25000E+5	-6,93110E+1	-9,68524E+1
4,26000E-1	4,69385E-1	4,26000E+5	-6,97354E+1	-9,35581E+1
4,27000E-1	-4,80932E-1	4,27000E+5	-7,08309E+1	-9,11644E+1
4,28000E-1	3,09936E-1	4,28000E+5	-7,04049E+1	-9,54701E+1
4,29000E-1	-1,91673E-2	4,29000E+5	-7,09153E+1	-9,02313E+1
4,30000E-1	-2,75562E-1	4,30000E+5	-7,08625E+1	-8,70377E+1
4,31000E-1	4,67471E-1	4,31000E+5	-7,18936E+1	-9,54434E+1
4,32000E-1	-4,81570E-1	4,32000E+5	-7,31219E+1	-9,27468E+1
4,33000E-1	3,12487E-1	4,33000E+5	-7,27734E+1	-9,22227E+1
4,34000E-1	-2,17185E-2	4,34000E+5	-7,21746E+1	-8,79218E+1
4,35000E-1	-2,76199E-1	4,35000E+5	-7,25937E+1	-9,11729E+1
4,36000E-1	4,68747E-1	4,36000E+5	-7,29427E+1	-9,54810E+1
4,37000E-1	-4,80932E-1	4,37000E+5	-7,40968E+1	-8,71937E+1
4,38000E-1	3,11211E-1	4,38000E+5	-7,26927E+1	-8,91931E+1
4,39000E-1	-2,04429E-2	4,39000E+5	-7,37430E+1	-9,71675E+1
4,40000E-1	-2,75562E-1	4,40000E+5	-7,39048E+1	-9,20246E+1
4,41000E-1	4,67471E-1	4,41000E+5	-7,44149E+1	-1,02936E+2
4,42000E-1	-4,80932E-1	4,42000E+5	-7,43975E+1	-9,68075E+1
4,43000E-1	3,12487E-1	4,43000E+5	-7,57649E+1	-9,76324E+1
4,44000E-1	-2,23563E-2	4,44000E+5	-7,61943E+1	-9,21428E+1
4,45000E-1	-2,75562E-1	4,45000E+5	-7,54323E+1	-1,14900E+2
4,46000E-1	4,68747E-1	4,46000E+5	-7,47535E+1	-8,89196E+1
4,47000E-1	-4,81570E-1	4,47000E+5	-7,72077E+1	-9,12066E+1
4,48000E-1	3,12487E-1	4,48000E+5	-7,73940E+1	-9,67507E+1
4,49000E-1	-2,04429E-2	4,49000E+5	-7,71394E+1	-9,54691E+1
4,50000E-1	-2,73648E-1	4,50000E+5	-7,87586E+1	-8,45997E+1
4,51000E-1	4,68109E-1	4,51000E+5	-7,55350E+1	-8,32007E+1
4,52000E-1	-4,80932E-1	4,52000E+5	-7,82009E+1	-8,56387E+1
4,53000E-1	3,12487E-1	4,53000E+5	-7,53274E+1	-8,95966E+1
4,54000E-1	-2,29941E-2	4,54000E+5	-7,47535E+1	-8,38748E+1
4,55000E-1	-2,73648E-1	4,55000E+5	-7,60670E+1	-8,16245E+1
4,56000E-1	4,68109E-1	4,56000E+5	-7,80780E+1	-8,32526E+1
4,57000E-1	-4,80932E-1	4,57000E+5	-7,69862E+1	-9,01983E+1
4,58000E-1	3,11849E-1	4,58000E+5	-7,86387E+1	-9,22374E+1
4,59000E-1	-2,17185E-2	4,59000E+5	-7,72481E+1	-8,87243E+1
4,60000E-1	-2,74286E-1	4,60000E+5	-8,08188E+1	-8,93856E+1
4,61000E-1	4,66834E-1	4,61000E+5	-7,91978E+1	-9,62677E+1
4,62000E-1	-4,80294E-1	4,62000E+5	-7,93095E+1	-9,43504E+1
4,63000E-1	3,12487E-1	4,63000E+5	-7,82655E+1	-9,88745E+1
4,64000E-1	-2,42697E-2	4,64000E+5	-7,84764E+1	-9,51113E+1
4,65000E-1	-2,74286E-1	4,65000E+5	-8,06088E+1	-8,76142E+1
4,66000E-1	4,68747E-1	4,66000E+5	-7,99397E+1	-9,27496E+1
4,67000E-1	-4,80932E-1	4,67000E+5	-8,08301E+1	-9,01567E+1
4,68000E-1	3,13125E-1	4,68000E+5	-8,05319E+1	-8,89296E+1
4,69000E-1	-2,42697E-2	4,69000E+5	-8,11368E+1	-9,39552E+1
4,70000E-1	-2,72373E-1	4,70000E+5	-7,88461E+1	-9,22073E+1
4,71000E-1	4,64920E-1	4,71000E+5	-7,93001E+1	-9,30399E+1
4,72000E-1	-4,81570E-1	4,72000E+5	-8,17267E+1	-9,11469E+1
4,73000E-1	3,15038E-1	4,73000E+5	-7,90553E+1	-8,81447E+1
4,74000E-1	-2,42697E-2	4,74000E+5	-7,99679E+1	-8,92006E+1
4,75000E-1	-2,73648E-1	4,75000E+5	-8,16439E+1	-9,19189E+1
4,76000E-1	4,66834E-1	4,76000E+5	-8,23596E+1	-9,45377E+1
4,77000E-1	-4,81570E-1	4,77000E+5	-8,42138E+1	-1,02220E+2
4,78000E-1	3,13125E-1	4,78000E+5	-8,51965E+1	-8,57411E+1
4,79000E-1	-2,42697E-2	4,79000E+5	-8,35827E+1	-8,33006E+1
4,80000E-1	-2,71735E-1	4,80000E+5	-8,52487E+1	-8,38627E+1
4,81000E-1	4,66834E-1	4,81000E+5	-8,39274E+1	-8,57900E+1
4,82000E-1	-4,82208E-1	4,82000E+5	-8,30204E+1	-9,07801E+1
4,83000E-1	3,15676E-1	4,83000E+5	-8,23015E+1	-9,66596E+1
4,84000E-1	-2,49075E-2	4,84000E+5	-8,18114E+1	-8,74763E+1
4,85000E-1	-2,73648E-1	4,85000E+5	-8,11874E+1	-8,93772E+1
4,86000E-1	4,67471E-1	4,86000E+5	-8,65487E+1	-9,19279E+1
4,87000E-1	-4,80932E-1	4,87000E+5	-8,46802E+1	-9,64774E+1
4,88000E-1	3,15038E-1	4,88000E+5	-8,69931E+1	-1,03482E+2
4,89000E-1	-2,68209E-2	4,89000E+5	-9,35035E+1	-9,15894E+1
4,90000E-1	-2,71735E-1	4,90000E+5	-8,55453E+1	-9,77983E+1
4,91000E-1	4,66834E-1	4,91000E+5	-8,35965E+1	-9,19710E+1
4,92000E-1	-4,82845E-1	4,92000E+5	-8,71499E+1	-9,50782E+1
4,93000E-1	3,15038E-1	4,93000E+5	-8,85345E+1	-1,07101E+2
4,94000E-1	-2,42697E-2	4,94000E+5	-8,81019E+1	-9,67507E+1
4,95000E-1	-2,69821E-1	4,95000E+5	-9,15471E+1	-9,84918E+1
4,96000E-1	4,65558E-1	4,96000E+5	-8,74641E+1	-9,15877E+1
4,97000E-1	-4,80932E-1	4,97000E+5	-8,31239E+1	-8,98357E+1
4,98000E-1	3,15676E-1	4,98000E+5	-8,48275E+1	-9,62026E+1
4,99000E-1	-2,74587E-2	4,99000E+5	-8,50331E+1	-1,08285E+2
5,00000E-1	-2,70459E-1	5,00000E+5	0,00000E+0	0,00000E+0
5,01000E-1	4,67471E-1	5,01000E+5	0,00000E+0	0,00000E+0
5,02000E-1	-4,82845E-1	5,02000E+5	0,00000E+0	0,00000E+0
5,03000E-1	3,16314E-1	5,03000E+5	0,00000E+0	0,00000E+0
5,04000E-1	-2,68209E-2	5,04000E+5	0,00000E+0	0,00000E+0
5,05000E-1	-2,71735E-1	5,05000E+5	0,00000E+0	0,00000E+0
5,06000E-1	4,65558E-1	5,06000E+5	0,00000E+0	0,00000E+0
5,07000E-1	-4,82208E-1	5,07000E+5	0,00000E+0	0,00000E+0
5,08000E-1	3,14400E-1	5,08000E+5	0,00000E+0	0,00000E+0
5,09000E-1	-2,74587E-2	5,09000E+5	0,00000E+0	0,00000E+0
5,10000E-1	-2,69184E-1	5,10000E+5	0,00000E+0	0,00000E+0
5,11000E-1	4,64920E-1	5,11000E+5	0,00000E+0	0,00000E+0
5,12000E-1	-4,82208E-1	5,12000E+5	0,00000E+0	0,00000E+0
5,13000E-1	3,17589E-1	5,13000E+5	0,00000E+0	0,00000E+0
5,14000E-1	-2,74587E-2	5,14000E+5	0,00000E+0	0,00000E+0
5,15000E-1	-2,71097E-1	5,15000E+5	0,00000E+0	0,00000E+0
5,16000E-1	4,65558E-1	5,16000E+5	0,00000E+0	0,00000E+0
5,17000E-1	-4,82208E-1	5,17000E+5	0,00000E+0	0,00000E+0
5,18000E-1	3,16951E-1	5,18000E+5	0,00000E+0	0,00000E+0
5,19000E-1	-2,80965E-2	5,19000E+5	0,00000E+0	0,00000E+0
5,20000E-1	-2,68546E-1	5,20000E+5	0,00000E+0	0,00000E+0
5,21000E-1	4,66196E-1	5,21000E+5	0,00000E+0	0,00000E+0
5,22000E-1	-4,84121E-1	5,22000E+5	0,00000E+0	0,00000E+0
5,23000E-1	3,18227E-1	5,23000E+5	0,00000E+0	0,00000E+0
5,24000E-1	-2,87343E-2	5,24000E+5	0,00000E+0	0,00000E+0
5,25000E-1	-2,71097E-1	5,25000E+5	0,00000E+0	0,00000E+0
5,26000E-1	4,65558E-1	5,26000E+5	0,00000E+0	0,00000E+0
5,27000E-1	-4,81570E-1	5,27000E+5	0,00000E+0	0,00000E+0
5,28000E-1	3,16314E-1	5,28000E+5	0,00000E+0	0,00000E+0
5,29000E-1	-3,06477E-2	5,29000E+5	0,00000E+0	0,00000E+0
5,30000E-1	-2,67908E-1	5,30000E+5	0,00000E+0	0,00000E+0
5,31000E-1	4,65558E-1	5,31000E+5	0,00000E+0	0,00000E+0
5,32000E-1	-4,82845E-1	5,32000E+5	0,00000E+0	0,00000E+0
5,33000E-1	3,18227E-1	5,33000E+5	0,00000E+0	0,00000E+0
5,34000E-1	-2,80965E-2	5,34000E+5	0,00000E+0	0,00000E+0
5,35000E-1	-2,68546E-1	5,35000E+5	0,00000E+0	0,00000E+0
5,36000E-1	4,63645E-1	5,36000E+5	0,00000E+0	0,00000E+0
5,37000E-1	-4,82208E-1	5,37000E+5	0,00000E+0	0,00000E+0
5,38000E-1	3,20140E-1	5,38000E+5	0,00000E+0	0,00000E+0
5,39000E-1	-2,93721E-2	5,39000E+5	0,00000E+0	0,00000E+0
5,40000E-1	-2,67908E-1	5,40000E+5	0,00000E+0	0,00000E+0
5,41000E-1	4,66834E-1	5,41000E+5	0,00000E+0	0,00000E+0
5,42000E-1	-4,83483E-1	5,42000E+5	0,00000E+0	0,00000E+0
5,43000E-1	3,18227E-1	5,43000E+5	0,00000E+0	0,00000E+0
5,44000E-1	-3,06477E-2	5,44000E+5	0,00000E+0	0,00000E+0
5,45000E-1	-2,66632E-1	5,45000E+5	0,00000E+0	0,00000E+0
5,46000E-1	4,64282E-1	5,46000E+5	0,00000E+0	0,00000E+0
5,47000E-1	-4,82845E-1	5,47000E+5	0,00000E+0	0,00000E+0
5,48000E-1	3,20140E-1	5,48000E+5	0,00000E+0	0,00000E+0
5,49000E-1	-3,12855E-2	5,49000E+5	0,00000E+0	0,00000E+0
5,50000E-1	-2,67270E-1	5,50000E+5	0,00000E+0	0,00000E+0
5,51000E-1	4,65558E-1	5,51000E+5	0,00000E+0	0,00000E+0
5,52000E-1	-4,84121E-1	5,52000E+5	0,00000E+0	0,00000E+0
5,53000E-1	3,18865E-1	5,53000E+5	0,00000E+0	0,00000E+0
5,54000E-1	-2,93721E-2	5,54000E+5	0,00000E+0	0,00000E+0
5,55000E-1	-2,66632E-1	5,55000E+5	0,00000E+0	0,00000E+0
5,56000E-1	4,63007E-1	5,56000E+5	0,00000E+0	0,00000E+0
5,57000E-1	-4,83483E-1	5,57000E+5	0,00000E+0	0,00000E+0
5,58000E-1	3,20140E-1	5,58000E+5	0,00000E+0	0,00000E+0
5,59000E-1	-3,25611E-2	5,59000E+5	0,00000E+0	0,00000E+0
5,60000E-1	-2,66632E-1	5,60000E+5	0,00000E+0	0,00000E+0
5,61000E-1	4,65558E-1	5,61000E+5	0,00000E+0	0,00000E+0
5,62000E-1	-4,84759E-1	5,62000E+5	0,00000E+0	0,00000E+0
5,63000E-1	3,19503E-1	5,63000E+5	0,00000E+0	0,00000E+0
5,64000E-1	-3,12855E-2	5,64000E+5	0,00000E+0	0,00000E+0
5,65000E-1	-2,67270E-1	5,65000E+5	0,00000E+0	0,00000E+0
5,66000E-1	4,64920E-1	5,66000E+5	0,00000E+0	0,00000E+0
5,67000E-1	-4,82208E-1	5,67000E+5	0,00000E+0	0,00000E+0
5,68000E-1	3,19503E-1	5,68000E+5	0,00000E+0	0,00000E+0
5,69000E-1	-3,25611E-2	5,69000E+5	0,00000E+0	0,00000E+0
5,70000E-1	-2,64719E-1	5,70000E+5	0,00000E+0	0,00000E+0
5,71000E-1	4,63645E-1	5,71000E+5	0,00000E+0	0,00000E+0
5,72000E-1	-4,83483E-1	5,72000E+5	0,00000E+0	0,00000E+0
5,73000E-1	3,21416E-1	5,73000E+5	0,00000E+0	0,00000E+0
5,74000E-1	-3,25611E-2	5,74000E+5	0,00000E+0	0,00000E+0
5,75000E-1	-2,65995E-1	5,75000E+5	0,00000E+0	0,00000E+0
5,76000E-1	4,66196E-1	5,76000E+5	0,00000E+0	0,00000E+0
5,77000E-1	-4,84121E-1	5,77000E+5	0,00000E+0	0,00000E+0
5,78000E-1	3,20140E-1	5,78000E+5	0,00000E+0	0,00000E+0
5,79000E-1	-3,25611E-2	5,79000E+5	0,00000E+0	0,00000E+0
5,80000E-1	-2,65995E-1	5,80000E+5	0,00000E+0	0,00000E+0
5,81000E-1	4,62369E-1	5,81000E+5	0,00000E+0	0,00000E+0
5,82000E-1	-4,84759E-1	5,82000E+5	0,00000E+0	0,00000E+0
5,83000E-1	3,22692E-1	5,83000E+5	0,00000E+0	0,00000E+0
5,84000E-1	-3,44745E-2	5,84000E+5	0,00000E+0	0,00000E+0
5,85000E-1	-2,64719E-1	5,85000E+5	0,00000E+0	0,00000E+0
5,86000E-1	4,63645E-1	5,86000E+5	0,00000E+0	0,00000E+0
5,87000E-1	-4,84759E-1	5,87000E+5	0,00000E+0	0,00000E+0
5,88000E-1	3,21416E-1	5,88000E+5	0,00000E+0	0,00000E+0
5,89000E-1	-3,25611E-2	5,89000E+5	0,00000E+0	0,00000E+0
5,90000E-1	-2,65995E-1	5,90000E+5	0,00000E+0	0,00000E+0
5,91000E-1	4,63007E-1	5,91000E+5	0,00000E+0	0,00000E+0
5,92000E-1	-4,83483E-1	5,92000E+5	0,00000E+0	0,00000E+0
5,93000E-1	3,22054E-1	5,93000E+5	0,00000E+0	0,00000E+0
5,94000E-1	-3,44745E-2	5,94000E+5	0,00000E+0	0,00000E+0
5,95000E-1	-2,63443E-1	5,95000E+5	0,00000E+0	0,00000E+0
5,96000E-1	4,63645E-1	5,96000E+5	0,00000E+0	0,00000E+0
5,97000E-1	-4,85397E-1	5,97000E+5	0,00000E+0	0,00000E+0
5,98000E-1	3,22054E-1	5,98000E+5	0,00000E+0	0,00000E+0
5,99000E-1	-3,44745E-2	5,99000E+5	0,00000E+0	0,00000E+0
6,00000E-1	-2,64719E-1	6,00000E+5	0,00000E+0	0,00000E+0
6,01000E-1	4,63645E-1	6,01000E+5	0,00000E+0	0,00000E+0
6,02000E-1	-4,83483E-1	6,02000E+5	0,00000E+0	0,00000E+0
6,03000E-1	3,22054E-1	6,03000E+5	0,00000E+0	0,00000E+0
6,04000E-1	-3,63878E-2	6,04000E+5	0,00000E+0	0,00000E+0
6,05000E-1	-2,62806E-1	6,05000E+5	0,00000E+0	0,00000E+0
6,06000E-1	4,63007E-1	6,06000E+5	0,00000E+0	0,00000E+0
6,07000E-1	-4,85397E-1	6,07000E+5	0,00000E+0	0,00000E+0
6,08000E-1	3,23329E-1	6,08000E+5	0,00000E+0	0,00000E+0
6,09000E-1	-3,51123E-2	6,09000E+5	0,00000E+0	0,00000E+0
6,10000E-1	-2,62168E-1	6,10000E+5	0,00000E+0	0,00000E+0
6,11000E-1	4,64282E-1	6,11000E+5	0,00000E+0	0,00000E+0
6,12000E-1	-4,82845E-1	6,12000E+5	0,00000E+0	0,00000E+0
6,13000E-1	3,22054E-1	6,13000E+5	0,00000E+0	0,00000E+0
6,14000E-1	-3,70256E-2	6,14000E+5	0,00000E+0	0,00000E+0
6,15000E-1	-2,63443E-1	6,15000E+5	0,00000E+0	0,00000E+0
6,16000E-1	4,64282E-1	6,16000E+5	0,00000E+0	0,00000E+0
6,17000E-1	-4,84759E-1	6,17000E+5	0,00000E+0	0,00000E+0
6,18000E-1	3,22054E-1	6,18000E+5	0,00000E+0	0,00000E+0
6,19000E-1	-3,70256E-2	6,19000E+5	0,00000E+0	0,00000E+0
6,20000E-1	-2,60892E-1	6,20000E+5	0,00000E+0	0,00000E+0
6,21000E-1	4,62369E-1	6,21000E+5	0,00000E+0	0,00000E+0
6,22000E-1	-4,86034E-1	6,22000E+5	0,00000E+0	0,00000E+0
6,23000E-1	3,23967E-1	6,23000E+5	0,00000E+0	0,00000E+0
6,24000E-1	-3,70256E-2	6,24000E+5	0,00000E+0	0,00000E+0
6,25000E-1	-2,62806E-1	6,25000E+5	0,00000E+0	0,00000E+0
6,26000E-1	4,62369E-1	6,26000E+5	0,00000E+0	0,00000E+0
6,27000E-1	-4,83483E-1	6,27000E+5	0,00000E+0	0,00000E+0
6,28000E-1	3,22692E-1	6,28000E+5	0,00000E+0	0,00000E+0
6,29000E-1	-3,76634E-2	6,29000E+5	0,00000E+0	0,00000E+0
6,30000E-1	-2,60254E-1	6,30000E+5	0,00000E+0	0,00000E+0
6,31000E-1	4,63007E-1	6,31000E+5	0,00000E+0	0,00000E+0
6,32000E-1	-4,84759E-1	6,32000E+5	0,00000E+0	0,00000E+0
6,33000E-1	3,25243E-1	6,33000E+5	0,00000E+0	0,00000E+0
6,34000E-1	-3,76634E-2	6,34000E+5	0,00000E+0	0,00000E+0
6,35000E-1	-2,62168E-1	6,35000E+5	0,00000E+0	0,00000E+0
6,36000E-1	4,62369E-1	6,36000E+5	0,00000E+0	0,00000E+0
6,37000E-1	-4,84121E-1	6,37000E+5	0,00000E+0	0,00000E+0
6,38000E-1	3,23329E-1	6,38000E+5	0,00000E+0	0,00000E+0
6,39000E-1	-3,83012E-2	6,39000E+5	0,00000E+0	0,00000E+0
6,40000E-1	-2,59617E-1	6,40000E+5	0,00000E+0	0,00000E+0
6,41000E-1	4,62369E-1	6,41000E+5	0,00000E+0	0,00000E+0
6,42000E-1	-4,86672E-1	6,42000E+5	0,00000E+0	0,00000E+0
6,43000E-1	3,25881E-1	6,43000E+5	0,00000E+0	0,00000E+0
6,44000E-1	-3,76634E-2	6,44000E+5	0,00000E+0	0,00000E+0
6,45000E-1	-2,60892E-1	6,45000E+5	0,00000E+0	0,00000E+0
6,46000E-1	4,61731E-1	6,46000E+5	0,00000E+0	0,00000E+0
6,47000E-1	-4,84121E-1	6,47000E+5	0,00000E+0	0,00000E+0
6,48000E-1	3,25243E-1	6,48000E+5	0,00000E+0	0,00000E+0
6,49000E-1	-3,89390E-2	6,49000E+5	0,00000E+0	0,00000E+0
6,50000E-1	-2,59617E-1	6,50000E+5	0,00000E+0	0,00000E+0
6,51000E-1	4,61731E-1	6,51000E+5	0,00000E+0	0,00000E+0
6,52000E-1	-4,86672E-1	6,52000E+5	0,00000E+0	0,00000E+0
6,53000E-1	3,25243E-1	6,53000E+5	0,00000E+0	0,00000E+0
6,54000E-1	-3,95768E-2	6,54000E+5	0,00000E+0	0,00000E+0
6,55000E-1	-2,60892E-1	6,55000E+5	0,00000E+0	0,00000E+0
6,56000E-1	4,60456E-1	6,56000E+5	0,00000E+0	0,00000E+0
6,57000E-1	-4,84121E-1	6,57000E+5	0,00000E+0	0,00000E+0
6,58000E-1	3,25881E-1	6,58000E+5	0,00000E+0	0,00000E+0
6,59000E-1	-4,08524E-2	6,59000E+5	0,00000E+0	0,00000E+0
6,60000E-1	-2,58341E-1	6,60000E+5	0,00000E+0	0,00000E+0
6,61000E-1	4,61731E-1	6,61000E+5	0,00000E+0	0,00000E+0
6,62000E-1	-4,86034E-1	6,62000E+5	0,00000E+0	0,00000E+0
6,63000E-1	3,27156E-1	6,63000E+5	0,00000E+0	0,00000E+0
6,64000E-1	-3,95768E-2	6,64000E+5	0,00000E+0	0,00000E+0
6,65000E-1	-2,60892E-1	6,65000E+5	0,00000E+0	0,00000E+0
6,66000E-1	4,61093E-1	6,66000E+5	0,00000E+0	0,00000E+0
6,67000E-1	-4,84759E-1	6,67000E+5	0,00000E+0	0,00000E+0
6,68000E-1	3,27156E-1	6,68000E+5	0,00000E+0	0,00000E+0
6,69000E-1	-4,34036E-2	6,69000E+5	0,00000E+0	0,00000E+0
6,70000E-1	-2,58341E-1	6,70000E+5	0,00000E+0	0,00000E+0
6,71000E-1	4,61093E-1	6,71000E+5	0,00000E+0	0,00000E+0
6,72000E-1	-4,87310E-1	6,72000E+5	0,00000E+0	0,00000E+0
6,73000E-1	3,27156E-1	6,73000E+5	0,00000E+0	0,00000E+0
6,74000E-1	-4,08524E-2	6,74000E+5	0,00000E+0	0,00000E+0
6,75000E-1	-2,59617E-1	6,75000E+5	0,00000E+0	0,00000E+0
6,76000E-1	4,61093E-1	6,76000E+5	0,00000E+0	0,00000E+0
6,77000E-1	-4,85397E-1	6,77000E+5	0,00000E+0	0,00000E+0
6,78000E-1	3,27794E-1	6,78000E+5	0,00000E+0	0,00000E+0
6,79000E-1	-4,21280E-2	6,79000E+5	0,00000E+0	0,00000E+0
6,80000E-1	-2,57065E-1	6,80000E+5	0,00000E+0	0,00000E+0
6,81000E-1	4,61093E-1	6,81000E+5	0,00000E+0	0,00000E+0
6,82000E-1	-4,86034E-1	6,82000E+5	0,00000E+0	0,00000E+0
6,83000E-1	3,28432E-1	6,83000E+5	0,00000E+0	0,00000E+0
6,84000E-1	-4,34036E-2	6,84000E+5	0,00000E+0	0,00000E+0
6,85000E-1	-2,58979E-1	6,85000E+5	0,00000E+0	0,00000E+0
6,86000E-1	4,61093E-1	6,86000E+5	0,00000E+0	0,00000E+0
6,87000E-1	-4,85397E-1	6,87000E+5	0,00000E+0	0,00000E+0
6,88000E-1	3,27156E-1	6,88000E+5	0,00000E+0	0,00000E+0
6,89000E-1	-4,34036E-2	6,89000E+5	0,00000E+0	0,00000E+0
6,90000E-1	-2,54514E-1	6,90000E+5	0,00000E+0	0,00000E+0
6,91000E-1	4,60456E-1	6,91000E+5	0,00000E+0	0,00000E+0
6,92000E-1	-4,86672E-1	6,92000E+5	0,00000E+0	0,00000E+0
6,93000E-1	3,29070E-1	6,93000E+5	0,00000E+0	0,00000E+0
6,94000E-1	-4,34036E-2	6,94000E+5	0,00000E+0	0,00000E+0
6,95000E-1	-2,58341E-1	6,95000E+5	0,00000E+0	0,00000E+0
6,96000E-1	4,59818E-1	6,96000E+5	0,00000E+0	0,00000E+0
6,97000E-1	-4,86034E-1	6,97000E+5	0,00000E+0	0,00000E+0
6,98000E-1	3,27794E-1	6,98000E+5	0,00000E+0	0,00000E+0
6,99000E-1	-4,46792E-2	6,99000E+5	0,00000E+0	0,00000E+0
7,00000E-1	-2,56428E-1	7,00000E+5	0,00000E+0	0,00000E+0
7,01000E-1	4,59180E-1	7,01000E+5	0,00000E+0	0,00000E+0
7,02000E-1	-4,85397E-1	7,02000E+5	0,00000E+0	0,00000E+0
7,03000E-1	3,29070E-1	7,03000E+5	0,00000E+0	0,00000E+0
7,04000E-1	-4,59548E-2	7,04000E+5	0,00000E+0	0,00000E+0
7,05000E-1	-2,55152E-1	7,05000E+5	0,00000E+0	0,00000E+0
7,06000E-1	4,60456E-1	7,06000E+5	0,00000E+0	0,00000E+0
7,07000E-1	-4,87948E-1	7,07000E+5	0,00000E+0	0,00000E+0
7,08000E-1	3,30345E-1	7,08000E+5	0,00000E+0	0,00000E+0
7,09000E-1	-4,40414E-2	7,09000E+5	0,00000E+0	0,00000E+0
7,10000E-1	-2,56428E-1	7,10000E+5	0,00000E+0	0,00000E+0
7,11000E-1	4,59180E-1	7,11000E+5	0,00000E+0	0,00000E+0
7,12000E-1	-4,86034E-1	7,12000E+5	0,00000E+0	0,00000E+0
7,13000E-1	3,29707E-1	7,13000E+5	0,00000E+0	0,00000E+0
7,14000E-1	-4,46792E-2	7,14000E+5	0,00000E+0	0,00000E+0
7,15000E-1	-2,53876E-1	7,15000E+5	0,00000E+0	0,00000E+0
7,16000E-1	4,59180E-1	7,16000E+5	0,00000E+0	0,00000E+0
7,17000E-1	-4,86672E-1	7,17000E+5	0,00000E+0	0,00000E+0
7,18000E-1	3,30983E-1	7,18000E+5	0,00000E+0	0,00000E+0
7,19000E-1	-4,53170E-2	7,19000E+5	0,00000E+0	0,00000E+0
7,20000E-1	-2,55790E-1	7,20000E+5	0,00000E+0	0,00000E+0
7,21000E-1	4,59180E-1	7,21000E+5	0,00000E+0	0,00000E+0
7,22000E-1	-4,87310E-1	7,22000E+5	0,00000E+0	0,00000E+0
7,23000E-1	3,29070E-1	7,23000E+5	0,00000E+0	0,00000E+0
7,24000E-1	-4,59548E-2	7,24000E+5	0,00000E+0	0,00000E+0
7,25000E-1	-2,52601E-1	7,25000E+5	0,00000E+0	0,00000E+0
7,26000E-1	4,59818E-1	7,26000E+5	0,00000E+0	0,00000E+0
7,27000E-1	-4,87948E-1	7,27000E+5	0,00000E+0	0,00000E+0
7,28000E-1	3,31621E-1	7,28000E+5	0,00000E+0	0,00000E+0
7,29000E-1	-4,65926E-2	7,29000E+5	0,00000E+0	0,00000E+0
7,30000E-1	-2,55152E-1	7,30000E+5	0,00000E+0	0,00000E+0
7,31000E-1	4,59180E-1	7,31000E+5	0,00000E+0	0,00000E+0
7,32000E-1	-4,87310E-1	7,32000E+5	0,00000E+0	0,00000E+0
7,33000E-1	3,30345E-1	7,33000E+5	0,00000E+0	0,00000E+0
7,34000E-1	-4,59548E-2	7,34000E+5	0,00000E+0	0,00000E+0
7,35000E-1	-2,53876E-1	7,35000E+5	0,00000E+0	0,00000E+0
7,36000E-1	4,58542E-1	7,36000E+5	0,00000E+0	0,00000E+0
7,37000E-1	-4,87310E-1	7,37000E+5	0,00000E+0	0,00000E+0
7,38000E-1	3,31621E-1	7,38000E+5	0,00000E+0	0,00000E+0
7,39000E-1	-4,65926E-2	7,39000E+5	0,00000E+0	0,00000E+0
7,40000E-1	-2,54514E-1	7,40000E+5	0,00000E+0	0,00000E+0
7,41000E-1	4,59818E-1	7,41000E+5	0,00000E+0	0,00000E+0
7,42000E-1	-4,87310E-1	7,42000E+5	0,00000E+0	0,00000E+0
7,43000E-1	3,30345E-1	7,43000E+5	0,00000E+0	0,00000E+0
7,44000E-1	-4,59548E-2	7,44000E+5	0,00000E+0	0,00000E+0
7,45000E-1	-2,53239E-1	7,45000E+5	0,00000E+0	0,00000E+0
7,46000E-1	4,57267E-1	7,46000E+5	0,00000E+0	0,00000E+0
7,47000E-1	-4,87310E-1	7,47000E+5	0,00000E+0	0,00000E+0
7,48000E-1	3,31621E-1	7,48000E+5	0,00000E+0	0,00000E+0
7,49000E-1	-4,85060E-2	7,49000E+5	0,00000E+0	0,00000E+0
7,50000E-1	-2,52601E-1	7,50000E+5	0,00000E+0	0,00000E+0
7,51000E-1	4,60456E-1	7,51000E+5	0,00000E+0	0,00000E+0
7,52000E-1	-4,87948E-1	7,52000E+5	0,00000E+0	0,00000E+0
7,53000E-1	3,30983E-1	7,53000E+5	0,00000E+0	0,00000E+0
7,54000E-1	-4,72304E-2	7,54000E+5	0,00000E+0	0,00000E+0
7,55000E-1	-2,52601E-1	7,55000E+5	0,00000E+0	0,00000E+0
7,56000E-1	4,57267E-1	7,56000E+5	0,00000E+0	0,00000E+0
7,57000E-1	-4,87310E-1	7,57000E+5	0,00000E+0	0,00000E+0
7,58000E-1	3,32896E-1	7,58000E+5	0,00000E+0	0,00000E+0
7,59000E-1	-4,97816E-2	7,59000E+5	0,00000E+0	0,00000E+0
7,60000E-1	-2,51963E-1	7,60000E+5	0,00000E+0	0,00000E+0
7,61000E-1	4,59180E-1	7,61000E+5	0,00000E+0	0,00000E+0
7,62000E-1	-4,87948E-1	7,62000E+5	0,00000E+0	0,00000E+0
7,63000E-1	3,32896E-1	7,63000E+5	0,00000E+0	0,00000E+0
7,64000E-1	-4,85060E-2	7,64000E+5	0,00000E+0	0,00000E+0
7,65000E-1	-2,53239E-1	7,65000E+5	0,00000E+0	0,00000E+0
7,66000E-1	4,57904E-1	7,66000E+5	0,00000E+0	0,00000E+0
7,67000E-1	-4,86672E-1	7,67000E+5	0,00000E+0	0,00000E+0
7,68000E-1	3,31621E-1	7,68000E+5	0,00000E+0	0,00000E+0
7,69000E-1	-4,91438E-2	7,69000E+5	0,00000E+0	0,00000E+0
7,70000E-1	-2,50687E-1	7,70000E+5	0,00000E+0	0,00000E+0
7,71000E-1	4,57904E-1	7,71000E+5	0,00000E+0	0,00000E+0
7,72000E-1	-4,88586E-1	7,72000E+5	0,00000E+0	0,00000E+0
7,73000E-1	3,34172E-1	7,73000E+5	0,00000E+0	0,00000E+0
7,74000E-1	-4,85060E-2	7,74000E+5	0,00000E+0	0,00000E+0
7,75000E-1	-2,50050E-1	7,75000E+5	0,00000E+0	0,00000E+0
7,76000E-1	4,57904E-1	7,76000E+5	0,00000E+0	0,00000E+0
7,77000E-1	-4,86672E-1	7,77000E+5	0,00000E+0	0,00000E+0
7,78000E-1	3,33534E-1	7,78000E+5	0,00000E+0	0,00000E+0
7,79000E-1	-5,16950E-2	7,79000E+5	0,00000E+0	0,00000E+0
7,80000E-1	-2,50050E-1	7,80000E+5	0,00000E+0	0,00000E+0
7,81000E-1	4,58542E-1	7,81000E+5	0,00000E+0	0,00000E+0
7,82000E-1	-4,89223E-1	7,82000E+5	0,00000E+0	0,00000E+0
7,83000E-1	3,34172E-1	7,83000E+5	0,00000E+0	0,00000E+0
7,84000E-1	-4,97816E-2	7,84000E+5	0,00000E+0	0,00000E+0
7,85000E-1	-2,51963E-1	7,85000E+5	0,00000E+0	0,00000E+0
7,86000E-1	4,57267E-1	7,86000E+5	0,00000E+0	0,00000E+0
7,87000E-1	-4,86672E-1	7,87000E+5	0,00000E+0	0,00000E+0
7,88000E-1	3,34810E-1	7,88000E+5	0,00000E+0	0,00000E+0
7,89000E-1	-5,29706E-2	7,89000E+5	0,00000E+0	0,00000E+0
7,90000E-1	-2,50050E-1	7,90000E+5	0,00000E+0	0,00000E+0
7,91000E-1	4,57267E-1	7,91000E+5	0,00000E+0	0,00000E+0
7,92000E-1	-4,88586E-1	7,92000E+5	0,00000E+0	0,00000E+0
7,93000E-1	3,34810E-1	7,93000E+5	0,00000E+0	0,00000E+0
7,94000E-1	-5,10572E-2	7,94000E+5	0,00000E+0	0,00000E+0
7,95000E-1	-2,50687E-1	7,95000E+5	0,00000E+0	0,00000E+0
7,96000E-1	4,56629E-1	7,96000E+5	0,00000E+0	0,00000E+0
7,97000E-1	-4,87310E-1	7,97000E+5	0,00000E+0	0,00000E+0
7,98000E-1	3,34810E-1	7,98000E+5	0,00000E+0	0,00000E+0
7,99000E-1	-5,10572E-2	7,99000E+5	0,00000E+0	0,00000E+0
8,00000E-1	-2,48136E-1	8,00000E+5	0,00000E+0	0,00000E+0
8,01000E-1	4,56629E-1	8,01000E+5	0,00000E+0	0,00000E+0
8,02000E-1	-4,89861E-1	8,02000E+5	0,00000E+0	0,00000E+0
8,03000E-1	3,35448E-1	8,03000E+5	0,00000E+0	0,00000E+0
8,04000E-1	-5,10572E-2	8,04000E+5	0,00000E+0	0,00000E+0
8,05000E-1	-2,48774E-1	8,05000E+5	0,00000E+0	0,00000E+0
8,06000E-1	4,56629E-1	8,06000E+5	0,00000E+0	0,00000E+0
8,07000E-1	-4,87310E-1	8,07000E+5	0,00000E+0	0,00000E+0
8,08000E-1	3,35448E-1	8,08000E+5	0,00000E+0	0,00000E+0
8,09000E-1	-5,36084E-2	8,09000E+5	0,00000E+0	0,00000E+0
8,10000E-1	-2,47499E-1	8,10000E+5	0,00000E+0	0,00000E+0
8,11000E-1	4,56629E-1	8,11000E+5	0,00000E+0	0,00000E+0
8,12000E-1	-4,89223E-1	8,12000E+5	0,00000E+0	0,00000E+0
8,13000E-1	3,35448E-1	8,13000E+5	0,00000E+0	0,00000E+0
8,14000E-1	-5,48839E-2	8,14000E+5	0,00000E+0	0,00000E+0
8,15000E-1	-2,47499E-1	8,15000E+5	0,00000E+0	0,00000E+0
8,16000E-1	4,57904E-1	8,16000E+5	0,00000E+0	0,00000E+0
8,17000E-1	-4,89861E-1	8,17000E+5	0,00000E+0	0,00000E+0
8,18000E-1	3,36723E-1	8,18000E+5	0,00000E+0	0,00000E+0
8,19000E-1	-5,36084E-2	8,19000E+5	0,00000E+0	0,00000E+0
8,20000E-1	-2,49412E-1	8,20000E+5	0,00000E+0	0,00000E+0
8,21000E-1	4,56629E-1	8,21000E+5	0,00000E+0	0,00000E+0
8,22000E-1	-4,87310E-1	8,22000E+5	0,00000E+0	0,00000E+0
8,23000E-1	3,37361E-1	8,23000E+5	0,00000E+0	0,00000E+0
8,24000E-1	-5,42462E-2	8,24000E+5	0,00000E+0	0,00000E+0
8,25000E-1	-2,45585E-1	8,25000E+5	0,00000E+0	0,00000E+0
8,26000E-1	4,54715E-1	8,26000E+5	0,00000E+0	0,00000E+0
8,27000E-1	-4,88586E-1	8,27000E+5	0,00000E+0	0,00000E+0
8,28000E-1	3,36723E-1	8,28000E+5	0,00000E+0	0,00000E+0
8,29000E-1	-5,48839E-2	8,29000E+5	0,00000E+0	0,00000E+0
8,30000E-1	-2,48136E-1	8,30000E+5	0,00000E+0	0,00000E+0
8,31000E-1	4,54715E-1	8,31000E+5	0,00000E+0	0,00000E+0
8,32000E-1	-4,87948E-1	8,32000E+5	0,00000E+0	0,00000E+0
8,33000E-1	3,36723E-1	8,33000E+5	0,00000E+0	0,00000E+0
8,34000E-1	-5,61595E-2	8,34000E+5	0,00000E+0	0,00000E+0
8,35000E-1	-2,46223E-1	8,35000E+5	0,00000E+0	0,00000E+0
8,36000E-1	4,55991E-1	8,36000E+5	0,00000E+0	0,00000E+0
8,37000E-1	-4,89223E-1	8,37000E+5	0,00000E+0	0,00000E+0
8,38000E-1	3,36723E-1	8,38000E+5	0,00000E+0	0,00000E+0
8,39000E-1	-5,48839E-2	8,39000E+5	0,00000E+0	0,00000E+0
8,40000E-1	-2,46223E-1	8,40000E+5	0,00000E+0	0,00000E+0
8,41000E-1	4,54715E-1	8,41000E+5	0,00000E+0	0,00000E+0
8,42000E-1	-4,89223E-1	8,42000E+5	0,00000E+0	0,00000E+0
8,43000E-1	3,39274E-1	8,43000E+5	0,00000E+0	0,00000E+0
8,44000E-1	-5,61595E-2	8,44000E+5	0,00000E+0	0,00000E+0
8,45000E-1	-2,45585E-1	8,45000E+5	0,00000E+0	0,00000E+0
8,46000E-1	4,55991E-1	8,46000E+5	0,00000E+0	0,00000E+0
8,47000E-1	-4,88586E-1	8,47000E+5	0,00000E+0	0,00000E+0
8,48000E-1	3,37361E-1	8,48000E+5	0,00000E+0	0,00000E+0
8,49000E-1	-5,74351E-2	8,49000E+5	0,00000E+0	0,00000E+0
8,50000E-1	-2,43672E-1	8,50000E+5	0,00000E+0	0,00000E+0
8,51000E-1	4,54715E-1	8,51000E+5	0,00000E+0	0,00000E+0
8,52000E-1	-4,89223E-1	8,52000E+5	0,00000E+0	0,00000E+0
8,53000E-1	3,39274E-1	8,53000E+5	0,00000E+0	0,00000E+0
8,54000E-1	-5,80729E-2	8,54000E+5	0,00000E+0	0,00000E+0
8,55000E-1	-2,44310E-1	8,55000E+5	0,00000E+0	0,00000E+0
8,56000E-1	4,54715E-1	8,56000E+5	0,00000E+0	0,00000E+0
8,57000E-1	-4,88586E-1	8,57000E+5	0,00000E+0	0,00000E+0
8,58000E-1	3,39274E-1	8,58000E+5	0,00000E+0	0,00000E+0
8,59000E-1	-5,74351E-2	8,59000E+5	0,00000E+0	0,00000E+0
8,60000E-1	-2,43034E-1	8,60000E+5	0,00000E+0	0,00000E+0
8,61000E-1	4,54715E-1	8,61000E+5	0,00000E+0	0,00000E+0
8,62000E-1	-4,90499E-1	8,62000E+5	0,00000E+0	0,00000E+0
8,63000E-1	3,38637E-1	8,63000E+5	0,00000E+0	0,00000E+0
8,64000E-1	-5,67973E-2	8,64000E+5	0,00000E+0	0,00000E+0
8,65000E-1	-2,43034E-1	8,65000E+5	0,00000E+0	0,00000E+0
8,66000E-1	4,53440E-1	8,66000E+5	0,00000E+0	0,00000E+0
8,67000E-1	-4,89861E-1	8,67000E+5	0,00000E+0	0,00000E+0
8,68000E-1	3,41188E-1	8,68000E+5	0,00000E+0	0,00000E+0
8,69000E-1	-5,87107E-2	8,69000E+5	0,00000E+0	0,00000E+0
8,70000E-1	-2,44947E-1	8,70000E+5	0,00000E+0	0,00000E+0
8,71000E-1	4,53440E-1	8,71000E+5	0,00000E+0	0,00000E+0
8,72000E-1	-4,89223E-1	8,72000E+5	0,00000E+0	0,00000E+0
8,73000E-1	3,37999E-1	8,73000E+5	0,00000E+0	0,00000E+0
8,74000E-1	-5,87107E-2	8,74000E+5	0,00000E+0	0,00000E+0
8,75000E-1	-2,41758E-1	8,75000E+5	0,00000E+0	0,00000E+0
8,76000E-1	4,54078E-1	8,76000E+5	0,00000E+0	0,00000E+0
8,77000E-1	-4,91137E-1	8,77000E+5	0,00000E+0	0,00000E+0
8,78000E-1	3,39912E-1	8,78000E+5	0,00000E+0	0,00000E+0
8,79000E-1	-5,87107E-2	8,79000E+5	0,00000E+0	0,00000E+0
8,80000E-1	-2,41758E-1	8,80000E+5	0,00000E+0	0,00000E+0
8,81000E-1	4,52802E-1	8,81000E+5	0,00000E+0	0,00000E+0
8,82000E-1	-4,89861E-1	8,82000E+5	0,00000E+0	0,00000E+0
8,83000E-1	3,40550E-1	8,83000E+5	0,00000E+0	0,00000E+0
8,84000E-1	-6,06241E-2	8,84000E+5	0,00000E+0	0,00000E+0
8,85000E-1	-2,42396E-1	8,85000E+5	0,00000E+0	0,00000E+0
8,86000E-1	4,54715E-1	8,86000E+5	0,00000E+0	0,00000E+0
8,87000E-1	-4,89861E-1	8,87000E+5	0,00000E+0	0,00000E+0
8,88000E-1	3,39912E-1	8,88000E+5	0,00000E+0	0,00000E+0
8,89000E-1	-6,06241E-2	8,89000E+5	0,00000E+0	0,00000E+0
8,90000E-1	-2,41758E-1	8,90000E+5	0,00000E+0	0,00000E+0
8,91000E-1	4,51527E-1	8,91000E+5	0,00000E+0	0,00000E+0
8,92000E-1	-4,89861E-1	8,92000E+5	0,00000E+0	0,00000E+0
8,93000E-1	3,42463E-1	8,93000E+5	0,00000E+0	0,00000E+0
8,94000E-1	-5,99863E-2	8,94000E+5	0,00000E+0	0,00000E+0
8,95000E-1	-2,42396E-1	8,95000E+5	0,00000E+0	0,00000E+0
8,96000E-1	4,54715E-1	8,96000E+5	0,00000E+0	0,00000E+0
8,97000E-1	-4,89861E-1	8,97000E+5	0,00000E+0	0,00000E+0
8,98000E-1	3,39274E-1	8,98000E+5	0,00000E+0	0,00000E+0
8,99000E-1	-6,12619E-2	8,99000E+5	0,00000E+0	0,00000E+0
9,00000E-1	-2,39845E-1	9,00000E+5	0,00000E+0	0,00000E+0
9,01000E-1	4,51527E-1	9,01000E+5	0,00000E+0	0,00000E+0
9,02000E-1	-4,90499E-1	9,02000E+5	0,00000E+0	0,00000E+0
9,03000E-1	3,42463E-1	9,03000E+5	0,00000E+0	0,00000E+0
9,04000E-1	-6,25375E-2	9,04000E+5	0,00000E+0	0,00000E+0
9,05000E-1	-2,41758E-1	9,05000E+5	0,00000E+0	0,00000E+0
9,06000E-1	4,51527E-1	9,06000E+5	0,00000E+0	0,00000E+0
9,07000E-1	-4,88586E-1	9,07000E+5	0,00000E+0	0,00000E+0
9,08000E-1	3,40550E-1	9,08000E+5	0,00000E+0	0,00000E+0
9,09000E-1	-6,25375E-2	9,09000E+5	0,00000E+0	0,00000E+0
9,10000E-1	-2,39845E-1	9,10000E+5	0,00000E+0	0,00000E+0
9,11000E-1	4,52802E-1	9,11000E+5	0,00000E+0	0,00000E+0
9,12000E-1	-4,91137E-1	9,12000E+5	0,00000E+0	0,00000E+0
9,13000E-1	3,43101E-1	9,13000E+5	0,00000E+0	0,00000E+0
9,14000E-1	-6,18997E-2	9,14000E+5	0,00000E+0	0,00000E+0
9,15000E-1	-2,41758E-1	9,15000E+5	0,00000E+0	0,00000E+0
9,16000E-1	4,53440E-1	9,16000E+5	0,00000E+0	0,00000E+0
9,17000E-1	-4,90499E-1	9,17000E+5	0,00000E+0	0,00000E+0
9,18000E-1	3,41188E-1	9,18000E+5	0,00000E+0	0,00000E+0
9,19000E-1	-6,12619E-2	9,19000E+5	0,00000E+0	0,00000E+0
9,20000E-1	-2,39207E-1	9,20000E+5	0,00000E+0	0,00000E+0
9,21000E-1	4,52164E-1	9,21000E+5	0,00000E+0	0,00000E+0
9,22000E-1	-4,91137E-1	9,22000E+5	0,00000E+0	0,00000E+0
9,23000E-1	3,43101E-1	9,23000E+5	0,00000E+0	0,00000E+0
9,24000E-1	-6,25375E-2	9,24000E+5	0,00000E+0	0,00000E+0
9,25000E-1	-2,40483E-1	9,25000E+5	0,00000E+0	0,00000E+0
9,26000E-1	4,52164E-1	9,26000E+5	0,00000E+0	0,00000E+0
9,27000E-1	-4,89861E-1	9,27000E+5	0,00000E+0	0,00000E+0
9,28000E-1	3,43101E-1	9,28000E+5	0,00000E+0	0,00000E+0
9,29000E-1	-6,44509E-2	9,29000E+5	0,00000E+0	0,00000E+0
9,30000E-1	-2,38569E-1	9,30000E+5	0,00000E+0	0,00000E+0
9,31000E-1	4,51527E-1	9,31000E+5	0,00000E+0	0,00000E+0
9,32000E-1	-4,91775E-1	9,32000E+5	0,00000E+0	0,00000E+0
9,33000E-1	3,43101E-1	9,33000E+5	0,00000E+0	0,00000E+0
9,34000E-1	-6,31753E-2	9,34000E+5	0,00000E+0	0,00000E+0
9,35000E-1	-2,39845E-1	9,35000E+5	0,00000E+0	0,00000E+0
9,36000E-1	4,52164E-1	9,36000E+5	0,00000E+0	0,00000E+0
9,37000E-1	-4,90499E-1	9,37000E+5	0,00000E+0	0,00000E+0
9,38000E-1	3,45014E-1	9,38000E+5	0,00000E+0	0,00000E+0
9,39000E-1	-6,38131E-2	9,39000E+5	0,00000E+0	0,00000E+0
9,40000E-1	-2,36656E-1	9,40000E+5	0,00000E+0	0,00000E+0
9,41000E-1	4,51527E-1	9,41000E+5	0,00000E+0	0,00000E+0
9,42000E-1	-4,91137E-1	9,42000E+5	0,00000E+0	0,00000E+0
9,43000E-1	3,44377E-1	9,43000E+5	0,00000E+0	0,00000E+0
9,44000E-1	-6,38131E-2	9,44000E+5	0,00000E+0	0,00000E+0
9,45000E-1	-2,39207E-1	9,45000E+5	0,00000E+0	0,00000E+0
9,46000E-1	4,51527E-1	9,46000E+5	0,00000E+0	0,00000E+0
9,47000E-1	-4,88586E-1	9,47000E+5	0,00000E+0	0,00000E+0
9,48000E-1	3,44377E-1	9,48000E+5	0,00000E+0	0,00000E+0
9,49000E-1	-6,57265E-2	9,49000E+5	0,00000E+0	0,00000E+0
9,50000E-1	-2,36656E-1	9,50000E+5	0,00000E+0	0,00000E+0
9,51000E-1	4,52164E-1	9,51000E+5	0,00000E+0	0,00000E+0
9,52000E-1	-4,91775E-1	9,52000E+5	0,00000E+0	0,00000E+0
9,53000E-1	3,44377E-1	9,53000E+5	0,00000E+0	0,00000E+0
9,54000E-1	-6,44509E-2	9,54000E+5	0,00000E+0	0,00000E+0
9,55000E-1	-2,37294E-1	9,55000E+5	0,00000E+0	0,00000E+0
9,56000E-1	4,49613E-1	9,56000E+5	0,00000E+0	0,00000E+0
9,57000E-1	-4,91137E-1	9,57000E+5	0,00000E+0	0,00000E+0
9,58000E-1	3,46928E-1	9,58000E+5	0,00000E+0	0,00000E+0
9,59000E-1	-6,63643E-2	9,59000E+5	0,00000E+0	0,00000E+0
9,60000E-1	-2,37294E-1	9,60000E+5	0,00000E+0	0,00000E+0
9,61000E-1	4,51527E-1	9,61000E+5	0,00000E+0	0,00000E+0
9,62000E-1	-4,89861E-1	9,62000E+5	0,00000E+0	0,00000E+0
9,63000E-1	3,44377E-1	9,63000E+5	0,00000E+0	0,00000E+0
9,64000E-1	-6,70021E-2	9,64000E+5	0,00000E+0	0,00000E+0
9,65000E-1	-2,35380E-1	9,65000E+5	0,00000E+0	0,00000E+0
9,66000E-1	4,50251E-1	9,66000E+5	0,00000E+0	0,00000E+0
9,67000E-1	-4,92412E-1	9,67000E+5	0,00000E+0	0,00000E+0
9,68000E-1	3,46290E-1	9,68000E+5	0,00000E+0	0,00000E+0
9,69000E-1	-6,70021E-2	9,69000E+5	0,00000E+0	0,00000E+0
9,70000E-1	-2,36656E-1	9,70000E+5	0,00000E+0	0,00000E+0
9,71000E-1	4,50251E-1	9,71000E+5	0,00000E+0	0,00000E+0
9,72000E-1	-4,89861E-1	9,72000E+5	0,00000E+0	0,00000E+0
9,73000E-1	3,45014E-1	9,73000E+5	0,00000E+0	0,00000E+0
9,74000E-1	-6,70021E-2	9,74000E+5	0,00000E+0	0,00000E+0
9,75000E-1	-2,34105E-1	9,75000E+5	0,00000E+0	0,00000E+0
9,76000E-1	4,50251E-1	9,76000E+5	0,00000E+0	0,00000E+0
9,77000E-1	-4,91137E-1	9,77000E+5	0,00000E+0	0,00000E+0
9,78000E-1	3,47566E-1	9,78000E+5	0,00000E+0	0,00000E+0
9,79000E-1	-6,82777E-2	9,79000E+5	0,00000E+0	0,00000E+0
9,80000E-1	-2,36018E-1	9,80000E+5	0,00000E+0	0,00000E+0
9,81000E-1	4,50251E-1	9,81000E+5	0,00000E+0	0,00000E+0
9,82000E-1	-4,91775E-1	9,82000E+5	0,00000E+0	0,00000E+0
9,83000E-1	3,45652E-1	9,83000E+5	0,00000E+0	0,00000E+0
9,84000E-1	-6,70021E-2	9,84000E+5	0,00000E+0	0,00000E+0
9,85000E-1	-2,36018E-1	9,85000E+5	0,00000E+0	0,00000E+0
9,86000E-1	4,49613E-1	9,86000E+5	0,00000E+0	0,00000E+0
9,87000E-1	-4,89861E-1	9,87000E+5	0,00000E+0	0,00000E+0
9,88000E-1	3,45652E-1	9,88000E+5	0,00000E+0	0,00000E+0
9,89000E-1	-6,76399E-2	9,89000E+5	0,00000E+0	0,00000E+0
9,90000E-1	-2,34105E-1	9,90000E+5	0,00000E+0	0,00000E+0
9,91000E-1	4,50251E-1	9,91000E+5	0,00000E+0	0,00000E+0
9,92000E-1	-4,93050E-1	9,92000E+5	0,00000E+0	0,00000E+0
9,93000E-1	3,47566E-1	9,93000E+5	0,00000E+0	0,00000E+0
9,94000E-1	-6,76399E-2	9,94000E+5	0,00000E+0	0,00000E+0
9,95000E-1	-2,34105E-1	9,95000E+5	0,00000E+0	0,00000E+0
9,96000E-1	4,47700E-1	9,96000E+5	0,00000E+0	0,00000E+0
9,97000E-1	-4,91775E-1	9,97000E+5	0,00000E+0	0,00000E+0
9,98000E-1	3,49479E-1	9,98000E+5	0,00000E+0	0,00000E+0
9,99000E-1	-7,14667E-2	9,99000E+5	0,00000E+0	0,00000E+0
